#YY  MM DD hh mm WDIR WSPD GST  WVHT   DPD   APD MWD   PRES  ATMP  WTMP  DEWP  VIS  TIDE
#yr  mo dy hr mn degT m/s  m/s     m   sec   sec deg    hPa  degC  degC  degC  nmi    ft
2020 06 30 23 50 999 99.0 99.0  0.63 10.00  5.92  92 9999.0 999.0 999.0 999.0 99.0 99.00
2020 07 01 00 50 999 99.0 99.0  0.67  9.09  6.19  95 9999.0 999.0 999.0 999.0 99.0 99.00
2020 07 01 01 50 999 99.0 99.0  0.60 10.00  5.96  97 9999.0 999.0 999.0 999.0 99.0 99.00
2020 07 01 02 50 999 99.0 99.0  0.63  9.09  6.03 122 9999.0 999.0 999.0 999.0 99.0 99.00
2020 07 01 03 50 999 99.0 99.0  0.60 10.00  6.11 105 9999.0 999.0 999.0 999.0 99.0 99.00
2020 07 01 04 50 999 99.0 99.0  0.66  9.09  6.55 129 9999.0 999.0 999.0 999.0 99.0 99.00
2020 07 01 05 50 999 99.0 99.0  0.66 10.00  6.47  99 9999.0 999.0 999.0 999.0 99.0 99.00
2020 07 01 06 50 999 99.0 99.0  0.67  9.09  6.29 104 9999.0 999.0 999.0 999.0 99.0 99.00
2020 07 01 07 50 999 99.0 99.0  0.64  9.09  5.84 171 9999.0 999.0 999.0 999.0 99.0 99.00
2020 07 01 08 50 999 99.0 99.0  0.72  9.09  6.55  97 9999.0 999.0 999.0 999.0 99.0 99.00
2020 07 01 09 50 999 99.0 99.0  0.66  9.09  6.43  92 9999.0 999.0 999.0 999.0 99.0 99.00
2020 07 01 10 50 999 99.0 99.0  0.65  9.09  6.73 116 9999.0 999.0 999.0 999.0 99.0 99.00
2020 07 01 11 50 999 99.0 99.0  0.76  9.09  7.03  90 9999.0 999.0 999.0 999.0 99.0 99.00
2020 07 01 12 50 999 99.0 99.0  0.71  8.33  6.58 137 9999.0 999.0 999.0 999.0 99.0 99.00
2020 07 01 13 50 999 99.0 99.0  0.73 10.00  6.83 139 9999.0 999.0 999.0 999.0 99.0 99.00
2020 07 01 14 50 999 99.0 99.0  0.73  9.09  6.59 119 9999.0 999.0 999.0 999.0 99.0 99.00
2020 07 01 15 50 999 99.0 99.0  0.70  9.09  6.98 121 9999.0 999.0 999.0 999.0 99.0 99.00
2020 07 01 16 50 999 99.0 99.0  0.70  9.09  6.77  84 9999.0 999.0 999.0 999.0 99.0 99.00
2020 07 01 17 50 999 99.0 99.0  0.71  9.09  6.97  98 9999.0 999.0 999.0 999.0 99.0 99.00
2020 07 01 18 50 999 99.0 99.0  0.75  9.09  7.05 102 9999.0 999.0 999.0 999.0 99.0 99.00
2020 07 01 19 50 999 99.0 99.0  0.67 10.00  7.00  79 9999.0 999.0 999.0 999.0 99.0 99.00
2020 07 01 20 50 999 99.0 99.0  0.82  9.09  7.29  85 9999.0 999.0 999.0 999.0 99.0 99.00
2020 07 01 21 50 999 99.0 99.0  0.77  8.33  7.05 106 9999.0 999.0 999.0 999.0 99.0 99.00
2020 07 01 22 50 999 99.0 99.0  0.72 10.00  7.24  91 9999.0 999.0 999.0 999.0 99.0 99.00
2020 07 01 23 50 999 99.0 99.0  0.79  8.33  7.38  89 9999.0 999.0 999.0 999.0 99.0 99.00
2020 07 02 00 50 999 99.0 99.0  0.81 10.00  7.18  95 9999.0 999.0 999.0 999.0 99.0 99.00
2020 07 02 01 50 999 99.0 99.0  0.85  9.09  7.52 109 9999.0 999.0 999.0 999.0 99.0 99.00
2020 07 02 02 50 999 99.0 99.0  0.78  7.69  7.24 114 9999.0 999.0 999.0 999.0 99.0 99.00
2020 07 02 03 50 999 99.0 99.0  0.92  9.09  7.52 112 9999.0 999.0 999.0 999.0 99.0 99.00
2020 07 02 04 50 999 99.0 99.0  0.84  8.33  6.76 107 9999.0 999.0 999.0 999.0 99.0 99.00
2020 07 02 05 50 999 99.0 99.0  0.93  8.33  7.22 120 9999.0 999.0 999.0 999.0 99.0 99.00
2020 07 02 06 50 999 99.0 99.0  0.90  9.09  7.13 116 9999.0 999.0 999.0 999.0 99.0 99.00
2020 07 02 07 50 999 99.0 99.0  0.92 10.00  7.04 121 9999.0 999.0 999.0 999.0 99.0 99.00
2020 07 02 08 50 999 99.0 99.0  0.85  9.09  7.02  82 9999.0 999.0 999.0 999.0 99.0 99.00
2020 07 02 09 50 999 99.0 99.0  0.81  9.09  6.77 105 9999.0 999.0 999.0 999.0 99.0 99.00
2020 07 02 10 50 999 99.0 99.0  0.76  9.09  7.14  83 9999.0 999.0 999.0 999.0 99.0 99.00
2020 07 02 11 50 999 99.0 99.0  0.73  9.09  6.42 126 9999.0 999.0 999.0 999.0 99.0 99.00
2020 07 02 12 50 999 99.0 99.0  0.75  8.33  6.43 116 9999.0 999.0 999.0 999.0 99.0 99.00
2020 07 02 13 50 999 99.0 99.0  0.74  8.33  6.49 125 9999.0 999.0 999.0 999.0 99.0 99.00
2020 07 02 14 50 999 99.0 99.0  0.72  7.69  6.14 128 9999.0 999.0 999.0 999.0 99.0 99.00
2020 07 02 15 50 999 99.0 99.0  0.75  9.09  6.88 132 9999.0 999.0 999.0 999.0 99.0 99.00
2020 07 02 16 50 999 99.0 99.0  0.77  9.09  6.84 142 9999.0 999.0 999.0 999.0 99.0 99.00
2020 07 02 17 50 999 99.0 99.0  0.79  7.69  6.51 133 9999.0 999.0 999.0 999.0 99.0 99.00
2020 07 02 18 50 999 99.0 99.0  0.76  7.14  6.52 131 9999.0 999.0 999.0 999.0 99.0 99.00
2020 07 02 19 50 999 99.0 99.0  0.82  8.33  6.67 116 9999.0 999.0 999.0 999.0 99.0 99.00
2020 07 02 20 50 999 99.0 99.0  0.78  7.69  6.38 114 9999.0 999.0 999.0 999.0 99.0 99.00
2020 07 02 21 50 999 99.0 99.0  0.72  7.69  6.59 115 9999.0 999.0 999.0 999.0 99.0 99.00
2020 07 02 22 50 999 99.0 99.0  0.75  8.33  6.88  97 9999.0 999.0 999.0 999.0 99.0 99.00
2020 07 02 23 50 999 99.0 99.0  0.74  9.09  6.46 109 9999.0 999.0 999.0 999.0 99.0 99.00
2020 07 03 00 50 999 99.0 99.0  0.82  9.09  5.09  96 9999.0 999.0 999.0 999.0 99.0 99.00
2020 07 03 01 50 999 99.0 99.0  0.77  9.09  4.96 114 9999.0 999.0 999.0 999.0 99.0 99.00
2020 07 03 02 50 999 99.0 99.0  0.78  8.33  5.17 130 9999.0 999.0 999.0 999.0 99.0 99.00
2020 07 03 03 50 999 99.0 99.0  0.81  8.33  5.45 120 9999.0 999.0 999.0 999.0 99.0 99.00
2020 07 03 04 50 999 99.0 99.0  0.78  7.69  5.58 129 9999.0 999.0 999.0 999.0 99.0 99.00
2020 07 03 05 50 999 99.0 99.0  0.81  7.69  5.75 130 9999.0 999.0 999.0 999.0 99.0 99.00
2020 07 03 06 50 999 99.0 99.0  0.71  8.33  5.67 121 9999.0 999.0 999.0 999.0 99.0 99.00
2020 07 03 07 50 999 99.0 99.0  0.76  6.67  5.11 119 9999.0 999.0 999.0 999.0 99.0 99.00
2020 07 03 08 50 999 99.0 99.0  0.84  7.69  4.83 130 9999.0 999.0 999.0 999.0 99.0 99.00
2020 07 03 09 50 999 99.0 99.0  0.72  8.33  4.62 114 9999.0 999.0 999.0 999.0 99.0 99.00
2020 07 03 10 50 999 99.0 99.0  0.71  9.09  4.68 122 9999.0 999.0 999.0 999.0 99.0 99.00
2020 07 03 11 50 999 99.0 99.0  0.75  9.09  4.65 107 9999.0 999.0 999.0 999.0 99.0 99.00
2020 07 03 12 50 999 99.0 99.0  0.76  7.69  4.63 128 9999.0 999.0 999.0 999.0 99.0 99.00
2020 07 03 13 50 999 99.0 99.0  0.70  7.69  4.66 130 9999.0 999.0 999.0 999.0 99.0 99.00
2020 07 03 14 50 999 99.0 99.0  0.75  7.69  4.42 130 9999.0 999.0 999.0 999.0 99.0 99.00
2020 07 03 15 50 999 99.0 99.0  0.64  7.14  4.76 105 9999.0 999.0 999.0 999.0 99.0 99.00
2020 07 03 16 50 999 99.0 99.0  0.66  7.14  5.42 120 9999.0 999.0 999.0 999.0 99.0 99.00
2020 07 03 17 50 999 99.0 99.0  0.64  7.69  5.87 125 9999.0 999.0 999.0 999.0 99.0 99.00
2020 07 03 18 50 999 99.0 99.0  0.66  6.67  5.94 105 9999.0 999.0 999.0 999.0 99.0 99.00
2020 07 03 19 50 999 99.0 99.0  0.63  8.33  5.75 111 9999.0 999.0 999.0 999.0 99.0 99.00
2020 07 03 20 50 999 99.0 99.0  0.62  7.14  5.91 117 9999.0 999.0 999.0 999.0 99.0 99.00
2020 07 03 21 50 999 99.0 99.0  0.55  6.67  5.59 135 9999.0 999.0 999.0 999.0 99.0 99.00
2020 07 03 22 50 999 99.0 99.0  0.56  8.33  5.88  84 9999.0 999.0 999.0 999.0 99.0 99.00
2020 07 03 23 50 999 99.0 99.0  0.58  9.09  5.53 107 9999.0 999.0 999.0 999.0 99.0 99.00
2020 07 04 00 50 999 99.0 99.0  0.57  8.33  5.58  93 9999.0 999.0 999.0 999.0 99.0 99.00
2020 07 04 01 50 999 99.0 99.0  0.58  7.69  5.76 114 9999.0 999.0 999.0 999.0 99.0 99.00
2020 07 04 02 50 999 99.0 99.0  0.56  7.69  5.86 105 9999.0 999.0 999.0 999.0 99.0 99.00
2020 07 04 03 50 999 99.0 99.0  0.57  7.14  6.45 125 9999.0 999.0 999.0 999.0 99.0 99.00
2020 07 04 04 50 999 99.0 99.0  0.58  8.33  6.61 104 9999.0 999.0 999.0 999.0 99.0 99.00
2020 07 04 05 50 999 99.0 99.0  0.57  7.14  6.34 117 9999.0 999.0 999.0 999.0 99.0 99.00
2020 07 04 06 50 999 99.0 99.0  0.61  7.14  5.52 116 9999.0 999.0 999.0 999.0 99.0 99.00
2020 07 04 07 50 999 99.0 99.0  0.64  7.14  4.89 116 9999.0 999.0 999.0 999.0 99.0 99.00
2020 07 04 08 50 999 99.0 99.0  0.71  7.69  4.74  90 9999.0 999.0 999.0 999.0 99.0 99.00
2020 07 04 09 50 999 99.0 99.0  0.73  8.33  4.65  96 9999.0 999.0 999.0 999.0 99.0 99.00
2020 07 04 10 50 999 99.0 99.0  0.77  6.67  4.52 112 9999.0 999.0 999.0 999.0 99.0 99.00
2020 07 04 11 50 999 99.0 99.0  0.81  7.14  3.99 115 9999.0 999.0 999.0 999.0 99.0 99.00
2020 07 04 12 50 999 99.0 99.0  0.80  8.33  4.26 102 9999.0 999.0 999.0 999.0 99.0 99.00
2020 07 04 13 50 999 99.0 99.0  0.86  7.69  4.28 104 9999.0 999.0 999.0 999.0 99.0 99.00
2020 07 04 14 50 999 99.0 99.0  0.84  7.69  4.47 120 9999.0 999.0 999.0 999.0 99.0 99.00
2020 07 04 15 50 999 99.0 99.0  0.75  6.67  4.42 122 9999.0 999.0 999.0 999.0 99.0 99.00
2020 07 04 16 50 999 99.0 99.0  0.73  4.35  4.34  52 9999.0 999.0 999.0 999.0 99.0 99.00
2020 07 04 17 50 999 99.0 99.0  0.82  4.55  4.44  49 9999.0 999.0 999.0 999.0 99.0 99.00
2020 07 04 18 50 999 99.0 99.0  0.86  5.00  4.18  50 9999.0 999.0 999.0 999.0 99.0 99.00
2020 07 04 19 50 999 99.0 99.0  0.83 10.00  4.23 123 9999.0 999.0 999.0 999.0 99.0 99.00
2020 07 04 20 50 999 99.0 99.0  0.85  8.33  4.69 111 9999.0 999.0 999.0 999.0 99.0 99.00
2020 07 04 21 50 999 99.0 99.0  0.84  5.26  4.64  65 9999.0 999.0 999.0 999.0 99.0 99.00
2020 07 04 22 50 999 99.0 99.0  0.83 10.00  4.61  69 9999.0 999.0 999.0 999.0 99.0 99.00
2020 07 04 23 50 999 99.0 99.0  0.81  7.14  4.65 121 9999.0 999.0 999.0 999.0 99.0 99.00
2020 07 05 00 50 999 99.0 99.0  0.85  5.00  4.70  57 9999.0 999.0 999.0 999.0 99.0 99.00
2020 07 05 01 50 999 99.0 99.0  0.89  5.26  4.48  49 9999.0 999.0 999.0 999.0 99.0 99.00
2020 07 05 02 50 999 99.0 99.0  0.82  5.26  4.64  46 9999.0 999.0 999.0 999.0 99.0 99.00
2020 07 05 03 50 999 99.0 99.0  0.78 10.00  4.66  97 9999.0 999.0 999.0 999.0 99.0 99.00
2020 07 05 04 50 999 99.0 99.0  0.77  5.56  4.59  51 9999.0 999.0 999.0 999.0 99.0 99.00
2020 07 05 05 50 999 99.0 99.0  0.74  8.33  4.70 107 9999.0 999.0 999.0 999.0 99.0 99.00
2020 07 05 06 50 999 99.0 99.0  0.75  7.69  4.84 117 9999.0 999.0 999.0 999.0 99.0 99.00
2020 07 05 07 50 999 99.0 99.0  0.77  5.26  5.17  79 9999.0 999.0 999.0 999.0 99.0 99.00
2020 07 05 08 50 999 99.0 99.0  0.68  9.09  5.09 151 9999.0 999.0 999.0 999.0 99.0 99.00
2020 07 05 09 50 999 99.0 99.0  0.74  5.56  5.32  86 9999.0 999.0 999.0 999.0 99.0 99.00
2020 07 05 10 50 999 99.0 99.0  0.74  9.09  5.45 122 9999.0 999.0 999.0 999.0 99.0 99.00
2020 07 05 11 50 999 99.0 99.0  0.72 10.00  5.05 127 9999.0 999.0 999.0 999.0 99.0 99.00
2020 07 05 12 50 999 99.0 99.0  0.65  8.33  5.22  95 9999.0 999.0 999.0 999.0 99.0 99.00
2020 07 05 13 50 999 99.0 99.0  0.63 10.00  5.32  75 9999.0 999.0 999.0 999.0 99.0 99.00
2020 07 05 14 50 999 99.0 99.0  0.61  9.09  5.29 124 9999.0 999.0 999.0 999.0 99.0 99.00
2020 07 05 15 50 999 99.0 99.0  0.59 10.00  5.77 122 9999.0 999.0 999.0 999.0 99.0 99.00
2020 07 05 16 50 999 99.0 99.0  0.58  9.09  5.85  97 9999.0 999.0 999.0 999.0 99.0 99.00
2020 07 05 17 50 999 99.0 99.0  0.59  9.09  5.78 130 9999.0 999.0 999.0 999.0 99.0 99.00
2020 07 05 18 50 999 99.0 99.0  0.56  7.69  4.70 114 9999.0 999.0 999.0 999.0 99.0 99.00
2020 07 05 19 50 999 99.0 99.0  0.61  8.33  3.92  99 9999.0 999.0 999.0 999.0 99.0 99.00
2020 07 05 20 50 999 99.0 99.0  0.65  3.03  3.72 197 9999.0 999.0 999.0 999.0 99.0 99.00
2020 07 05 21 50 999 99.0 99.0  0.81  9.09  3.88 121 9999.0 999.0 999.0 999.0 99.0 99.00
2020 07 05 22 50 999 99.0 99.0  0.79  3.57  3.73 203 9999.0 999.0 999.0 999.0 99.0 99.00
2020 07 05 23 50 999 99.0 99.0  0.92  3.70  3.77 201 9999.0 999.0 999.0 999.0 99.0 99.00
2020 07 06 00 50 999 99.0 99.0  0.96  3.70  3.84 209 9999.0 999.0 999.0 999.0 99.0 99.00
2020 07 06 01 50 999 99.0 99.0  0.94  4.00  3.82 222 9999.0 999.0 999.0 999.0 99.0 99.00
2020 07 06 02 50 999 99.0 99.0  0.95  4.00  3.99 227 9999.0 999.0 999.0 999.0 99.0 99.00
2020 07 06 03 50 999 99.0 99.0  0.84  3.85  4.09 222 9999.0 999.0 999.0 999.0 99.0 99.00
2020 07 06 04 50 999 99.0 99.0  0.78  3.85  4.12 211 9999.0 999.0 999.0 999.0 99.0 99.00
2020 07 06 05 50 999 99.0 99.0  0.73  4.17  4.07 204 9999.0 999.0 999.0 999.0 99.0 99.00
2020 07 06 06 50 999 99.0 99.0  0.74  9.09  4.39 131 9999.0 999.0 999.0 999.0 99.0 99.00
2020 07 06 07 50 999 99.0 99.0  0.70  4.17  4.24 211 9999.0 999.0 999.0 999.0 99.0 99.00
2020 07 06 08 50 999 99.0 99.0  0.72  4.00  4.12 213 9999.0 999.0 999.0 999.0 99.0 99.00
2020 07 06 09 50 999 99.0 99.0  0.71  4.00  4.17 190 9999.0 999.0 999.0 999.0 99.0 99.00
2020 07 06 10 50 999 99.0 99.0  0.76  4.17  4.20 194 9999.0 999.0 999.0 999.0 99.0 99.00
2020 07 06 11 50 999 99.0 99.0  0.74  9.09  4.17 121 9999.0 999.0 999.0 999.0 99.0 99.00
2020 07 06 12 50 999 99.0 99.0  0.75  8.33  4.26  98 9999.0 999.0 999.0 999.0 99.0 99.00
2020 07 06 13 50 999 99.0 99.0  0.68  9.09  4.21 103 9999.0 999.0 999.0 999.0 99.0 99.00
2020 07 06 14 50 999 99.0 99.0  0.65  8.33  4.20 167 9999.0 999.0 999.0 999.0 99.0 99.00
2020 07 06 15 50 999 99.0 99.0  0.62  9.09  3.92  75 9999.0 999.0 999.0 999.0 99.0 99.00
2020 07 06 16 50 999 99.0 99.0  0.63  9.09  3.69 102 9999.0 999.0 999.0 999.0 99.0 99.00
2020 07 06 17 50 999 99.0 99.0  0.68  9.09  3.81 108 9999.0 999.0 999.0 999.0 99.0 99.00
2020 07 06 18 50 999 99.0 99.0  0.79  3.85  3.82 203 9999.0 999.0 999.0 999.0 99.0 99.00
2020 07 06 19 50 999 99.0 99.0  0.85  3.85  3.82 206 9999.0 999.0 999.0 999.0 99.0 99.00
2020 07 06 20 50 999 99.0 99.0  0.89  4.00  3.84 213 9999.0 999.0 999.0 999.0 99.0 99.00
2020 07 06 21 50 999 99.0 99.0  0.81  4.00  3.96 205 9999.0 999.0 999.0 999.0 99.0 99.00
2020 07 06 22 50 999 99.0 99.0  0.82  4.00  4.04 193 9999.0 999.0 999.0 999.0 99.0 99.00
2020 07 06 23 50 999 99.0 99.0  0.80  4.00  3.84 182 9999.0 999.0 999.0 999.0 99.0 99.00
2020 07 07 00 50 999 99.0 99.0  0.87  4.00  3.80 183 9999.0 999.0 999.0 999.0 99.0 99.00
2020 07 07 01 50 999 99.0 99.0  1.05  4.35  4.05  19 9999.0 999.0 999.0 999.0 99.0 99.00
2020 07 07 02 50 999 99.0 99.0  1.01  5.26  4.17   8 9999.0 999.0 999.0 999.0 99.0 99.00
2020 07 07 03 50 999 99.0 99.0  0.89  4.76  4.25  12 9999.0 999.0 999.0 999.0 99.0 99.00
2020 07 07 04 50 999 99.0 99.0  0.72  4.17  4.24 209 9999.0 999.0 999.0 999.0 99.0 99.00
2020 07 07 05 50 999 99.0 99.0  0.68  4.17  4.20 196 9999.0 999.0 999.0 999.0 99.0 99.00
2020 07 07 06 50 999 99.0 99.0  0.66  8.33  4.40 110 9999.0 999.0 999.0 999.0 99.0 99.00
2020 07 07 07 50 999 99.0 99.0  0.63  4.35  4.04 212 9999.0 999.0 999.0 999.0 99.0 99.00
2020 07 07 08 50 999 99.0 99.0  0.73  4.55  4.20 203 9999.0 999.0 999.0 999.0 99.0 99.00
2020 07 07 09 50 999 99.0 99.0  0.76  4.76  4.31 202 9999.0 999.0 999.0 999.0 99.0 99.00
2020 07 07 10 50 999 99.0 99.0  0.77  4.76  4.27 183 9999.0 999.0 999.0 999.0 99.0 99.00
2020 07 07 11 50 999 99.0 99.0  0.70  9.09  4.36  57 9999.0 999.0 999.0 999.0 99.0 99.00
2020 07 07 12 50 999 99.0 99.0  0.66  9.09  4.33 126 9999.0 999.0 999.0 999.0 99.0 99.00
2020 07 07 13 50 999 99.0 99.0  0.64  9.09  4.28 348 9999.0 999.0 999.0 999.0 99.0 99.00
2020 07 08 21 50 999 99.0 99.0  0.66  8.33  4.55 115 9999.0 999.0 999.0 999.0 99.0 99.00
2020 07 08 22 50 999 99.0 99.0  0.67  8.33  4.72  82 9999.0 999.0 999.0 999.0 99.0 99.00
2020 07 10 22 50 999 99.0 99.0  1.50  8.33  4.94 144 9999.0 999.0 999.0 999.0 99.0 99.00
2020 07 10 23 50 999 99.0 99.0  1.51  8.33  5.29 134 9999.0 999.0 999.0 999.0 99.0 99.00
2020 07 11 02 50 999 99.0 99.0  1.33  7.14  5.18 138 9999.0 999.0 999.0 999.0 99.0 99.00
2020 07 11 03 50 999 99.0 99.0  1.46  7.69  5.46 157 9999.0 999.0 999.0 999.0 99.0 99.00
2020 07 11 04 50 999 99.0 99.0  1.55  6.67  5.12 157 9999.0 999.0 999.0 999.0 99.0 99.00
2020 07 11 05 50 999 99.0 99.0  1.66  6.67  5.16 160 9999.0 999.0 999.0 999.0 99.0 99.00
2020 07 11 06 50 999 99.0 99.0  1.64  7.14  5.04 156 9999.0 999.0 999.0 999.0 99.0 99.00
2020 07 11 07 50 999 99.0 99.0  1.53  7.69  5.10 149 9999.0 999.0 999.0 999.0 99.0 99.00
2020 07 11 08 50 999 99.0 99.0  1.50  7.14  5.31 139 9999.0 999.0 999.0 999.0 99.0 99.00
2020 07 11 09 50 999 99.0 99.0  1.51  7.69  5.34 120 9999.0 999.0 999.0 999.0 99.0 99.00
2020 07 11 10 50 999 99.0 99.0  1.30  7.14  4.99 131 9999.0 999.0 999.0 999.0 99.0 99.00
2020 07 11 11 50 999 99.0 99.0  1.29  7.69  5.23 132 9999.0 999.0 999.0 999.0 99.0 99.00
2020 07 11 12 50 999 99.0 99.0  1.15  7.69  4.94 129 9999.0 999.0 999.0 999.0 99.0 99.00
2020 07 11 13 50 999 99.0 99.0  1.08  8.33  4.98 126 9999.0 999.0 999.0 999.0 99.0 99.00
2020 07 11 14 50 999 99.0 99.0  1.05  8.33  5.12  98 9999.0 999.0 999.0 999.0 99.0 99.00
2020 07 11 15 50 999 99.0 99.0  0.95  7.69  5.14 110 9999.0 999.0 999.0 999.0 99.0 99.00
2020 07 11 16 50 999 99.0 99.0  0.93  9.09  4.87 119 9999.0 999.0 999.0 999.0 99.0 99.00
2020 07 11 17 50 999 99.0 99.0  0.91  7.69  4.91 126 9999.0 999.0 999.0 999.0 99.0 99.00
2020 07 11 18 50 999 99.0 99.0  0.89  9.09  5.08  93 9999.0 999.0 999.0 999.0 99.0 99.00
2020 07 11 19 50 999 99.0 99.0  0.90  7.69  4.90 140 9999.0 999.0 999.0 999.0 99.0 99.00
2020 07 11 20 50 999 99.0 99.0  0.91  7.69  4.58 106 9999.0 999.0 999.0 999.0 99.0 99.00
2020 07 11 21 50 999 99.0 99.0  1.07  7.69  4.65 107 9999.0 999.0 999.0 999.0 99.0 99.00
2020 07 11 22 50 999 99.0 99.0  1.10  8.33  4.97  90 9999.0 999.0 999.0 999.0 99.0 99.00
2020 07 11 23 50 999 99.0 99.0  1.15  6.67  4.68 142 9999.0 999.0 999.0 999.0 99.0 99.00
2020 07 12 00 50 999 99.0 99.0  1.16  7.14  4.97 133 9999.0 999.0 999.0 999.0 99.0 99.00
2020 07 12 01 50 999 99.0 99.0  1.16  7.69  4.90 124 9999.0 999.0 999.0 999.0 99.0 99.00
2020 07 12 02 50 999 99.0 99.0  1.22  6.25  5.14 152 9999.0 999.0 999.0 999.0 99.0 99.00
2020 07 12 03 50 999 99.0 99.0  1.15  6.67  5.00 134 9999.0 999.0 999.0 999.0 99.0 99.00
2020 07 12 04 50 999 99.0 99.0  1.19  6.25  4.98 152 9999.0 999.0 999.0 999.0 99.0 99.00
2020 07 12 05 50 999 99.0 99.0  1.23  6.67  5.20 147 9999.0 999.0 999.0 999.0 99.0 99.00
2020 07 12 06 50 999 99.0 99.0  1.08  9.09  5.17  80 9999.0 999.0 999.0 999.0 99.0 99.00
2020 07 12 07 50 999 99.0 99.0  0.95  7.14  5.38 130 9999.0 999.0 999.0 999.0 99.0 99.00
2020 07 12 08 50 999 99.0 99.0  0.87  7.69  5.47 144 9999.0 999.0 999.0 999.0 99.0 99.00
2020 07 12 09 50 999 99.0 99.0  0.92  9.09  5.64 125 9999.0 999.0 999.0 999.0 99.0 99.00
2020 07 12 10 50 999 99.0 99.0  0.89  9.09  5.59 134 9999.0 999.0 999.0 999.0 99.0 99.00
2020 07 12 11 50 999 99.0 99.0  0.99  8.33  5.83 150 9999.0 999.0 999.0 999.0 99.0 99.00
2020 07 12 12 50 999 99.0 99.0  1.00  8.33  5.88 162 9999.0 999.0 999.0 999.0 99.0 99.00
2020 07 12 13 50 999 99.0 99.0  0.86  7.69  5.48 142 9999.0 999.0 999.0 999.0 99.0 99.00
2020 07 12 14 50 999 99.0 99.0  0.93  7.69  5.88 157 9999.0 999.0 999.0 999.0 99.0 99.00
2020 07 12 15 50 999 99.0 99.0  1.04  8.33  6.11 131 9999.0 999.0 999.0 999.0 99.0 99.00
2020 07 12 16 50 999 99.0 99.0  0.99  8.33  5.80 106 9999.0 999.0 999.0 999.0 99.0 99.00
2020 07 12 17 50 999 99.0 99.0  1.04  7.69  6.20 139 9999.0 999.0 999.0 999.0 99.0 99.00
2020 07 12 18 50 999 99.0 99.0  1.17  9.09  6.20 111 9999.0 999.0 999.0 999.0 99.0 99.00
2020 07 12 19 50 999 99.0 99.0  1.24  7.69  6.33 147 9999.0 999.0 999.0 999.0 99.0 99.00
2020 07 12 20 50 999 99.0 99.0  1.07  8.33  6.17  99 9999.0 999.0 999.0 999.0 99.0 99.00
2020 07 12 21 50 999 99.0 99.0  1.26  7.69  6.22 130 9999.0 999.0 999.0 999.0 99.0 99.00
2020 07 12 22 50 999 99.0 99.0  1.19  6.25  5.99 129 9999.0 999.0 999.0 999.0 99.0 99.00
2020 07 12 23 50 999 99.0 99.0  1.19  7.14  5.55 128 9999.0 999.0 999.0 999.0 99.0 99.00
2020 07 13 00 50 999 99.0 99.0  1.27  7.69  5.47 144 9999.0 999.0 999.0 999.0 99.0 99.00
2020 07 13 01 50 999 99.0 99.0  1.16  7.14  5.07 126 9999.0 999.0 999.0 999.0 99.0 99.00
2020 07 13 02 50 999 99.0 99.0  1.01  6.67  5.10 148 9999.0 999.0 999.0 999.0 99.0 99.00
2020 07 13 03 50 999 99.0 99.0  0.96  7.69  4.95 140 9999.0 999.0 999.0 999.0 99.0 99.00
2020 07 13 04 50 999 99.0 99.0  0.88  8.33  4.89 165 9999.0 999.0 999.0 999.0 99.0 99.00
2020 07 13 05 50 999 99.0 99.0  0.85  8.33  4.95 146 9999.0 999.0 999.0 999.0 99.0 99.00
2020 07 13 06 50 999 99.0 99.0  0.87  8.33  5.01 155 9999.0 999.0 999.0 999.0 99.0 99.00
2020 07 13 07 50 999 99.0 99.0  0.85  8.33  5.12 153 9999.0 999.0 999.0 999.0 99.0 99.00
2020 07 13 08 50 999 99.0 99.0  0.87  8.33  5.44 166 9999.0 999.0 999.0 999.0 99.0 99.00
2020 07 13 09 50 999 99.0 99.0  0.82  8.33  5.33 155 9999.0 999.0 999.0 999.0 99.0 99.00
2020 07 13 10 50 999 99.0 99.0  0.95  8.33  5.89 147 9999.0 999.0 999.0 999.0 99.0 99.00
2020 07 13 11 50 999 99.0 99.0  0.91  7.69  5.69 169 9999.0 999.0 999.0 999.0 99.0 99.00
2020 07 13 12 50 999 99.0 99.0  0.96  8.33  5.92 156 9999.0 999.0 999.0 999.0 99.0 99.00
2020 07 13 13 50 999 99.0 99.0  1.11  8.33  6.12 168 9999.0 999.0 999.0 999.0 99.0 99.00
2020 07 13 14 50 999 99.0 99.0  1.05  8.33  5.87 183 9999.0 999.0 999.0 999.0 99.0 99.00
2020 07 13 15 50 999 99.0 99.0  1.14  7.69  5.78 171 9999.0 999.0 999.0 999.0 99.0 99.00
2020 07 13 16 50 999 99.0 99.0  1.25  6.67  5.89 162 9999.0 999.0 999.0 999.0 99.0 99.00
2020 07 13 17 50 999 99.0 99.0  1.18  7.69  5.78 160 9999.0 999.0 999.0 999.0 99.0 99.00
2020 07 13 18 50 999 99.0 99.0  1.27  9.09  6.05 155 9999.0 999.0 999.0 999.0 99.0 99.00
2020 07 13 19 50 999 99.0 99.0  1.26  8.33  6.09 144 9999.0 999.0 999.0 999.0 99.0 99.00
2020 07 13 20 50 999 99.0 99.0  1.27  7.69  5.99 142 9999.0 999.0 999.0 999.0 99.0 99.00
2020 07 13 21 50 999 99.0 99.0  1.21  8.33  5.98 143 9999.0 999.0 999.0 999.0 99.0 99.00
2020 07 13 22 50 999 99.0 99.0  1.12  7.69  5.98 137 9999.0 999.0 999.0 999.0 99.0 99.00
2020 07 13 23 50 999 99.0 99.0  1.02  9.09  5.78 139 9999.0 999.0 999.0 999.0 99.0 99.00
2020 07 14 00 50 999 99.0 99.0  0.97  9.09  5.57 134 9999.0 999.0 999.0 999.0 99.0 99.00
2020 07 14 01 50 999 99.0 99.0  0.98  8.33  5.56 155 9999.0 999.0 999.0 999.0 99.0 99.00
2020 07 14 02 50 999 99.0 99.0  0.94  8.33  5.68 172 9999.0 999.0 999.0 999.0 99.0 99.00
2020 07 14 03 50 999 99.0 99.0  1.00  8.33  5.80 144 9999.0 999.0 999.0 999.0 99.0 99.00
2020 07 14 04 50 999 99.0 99.0  0.97  8.33  5.85 166 9999.0 999.0 999.0 999.0 99.0 99.00
2020 07 14 05 50 999 99.0 99.0  0.90  8.33  5.77 145 9999.0 999.0 999.0 999.0 99.0 99.00
2020 07 14 06 50 999 99.0 99.0  0.91  7.69  5.84 150 9999.0 999.0 999.0 999.0 99.0 99.00
2020 07 14 07 50 999 99.0 99.0  0.86  8.33  5.82 147 9999.0 999.0 999.0 999.0 99.0 99.00
2020 07 14 08 50 999 99.0 99.0  0.86  7.69  6.12 157 9999.0 999.0 999.0 999.0 99.0 99.00
2020 07 14 09 50 999 99.0 99.0  0.86  7.14  5.97 163 9999.0 999.0 999.0 999.0 99.0 99.00
2020 07 14 10 50 999 99.0 99.0  0.95  8.33  6.35 171 9999.0 999.0 999.0 999.0 99.0 99.00
2020 07 14 11 50 999 99.0 99.0  0.98  8.33  6.20 164 9999.0 999.0 999.0 999.0 99.0 99.00
2020 07 14 12 50 999 99.0 99.0  0.93  8.33  5.10 166 9999.0 999.0 999.0 999.0 99.0 99.00
2020 07 14 13 50 999 99.0 99.0  1.01  6.67  5.42 158 9999.0 999.0 999.0 999.0 99.0 99.00
2020 07 14 14 50 999 99.0 99.0  0.98  7.69  5.44 169 9999.0 999.0 999.0 999.0 99.0 99.00
2020 07 14 15 50 999 99.0 99.0  0.90  6.67  5.50 147 9999.0 999.0 999.0 999.0 99.0 99.00
2020 07 14 16 50 999 99.0 99.0  0.93  5.56  5.40 144 9999.0 999.0 999.0 999.0 99.0 99.00
2020 07 14 17 50 999 99.0 99.0  0.85  5.88  5.13 150 9999.0 999.0 999.0 999.0 99.0 99.00
2020 07 14 18 50 999 99.0 99.0  0.84  7.69  5.15 133 9999.0 999.0 999.0 999.0 99.0 99.00
2020 07 14 19 50 999 99.0 99.0  0.79  7.69  5.01 138 9999.0 999.0 999.0 999.0 99.0 99.00
2020 07 14 20 50 999 99.0 99.0  0.74  5.26  4.99 132 9999.0 999.0 999.0 999.0 99.0 99.00
2020 07 14 21 50 999 99.0 99.0  0.72  8.33  4.97 121 9999.0 999.0 999.0 999.0 99.0 99.00
2020 07 14 22 50 999 99.0 99.0  0.73  8.33  5.09 123 9999.0 999.0 999.0 999.0 99.0 99.00
2020 07 14 23 50 999 99.0 99.0  0.63  8.33  4.89 142 9999.0 999.0 999.0 999.0 99.0 99.00
2020 07 15 00 50 999 99.0 99.0  0.62  7.69  5.18 151 9999.0 999.0 999.0 999.0 99.0 99.00
2020 07 15 01 50 999 99.0 99.0  0.67  7.69  5.55 147 9999.0 999.0 999.0 999.0 99.0 99.00
2020 07 15 02 50 999 99.0 99.0  0.67  7.69  5.32 145 9999.0 999.0 999.0 999.0 99.0 99.00
2020 07 15 03 50 999 99.0 99.0  0.64  7.14  5.47 139 9999.0 999.0 999.0 999.0 99.0 99.00
2020 07 15 04 50 999 99.0 99.0  0.72  7.14  6.06 153 9999.0 999.0 999.0 999.0 99.0 99.00
2020 07 15 05 50 999 99.0 99.0  0.63  7.69  5.77 161 9999.0 999.0 999.0 999.0 99.0 99.00
2020 07 15 06 50 999 99.0 99.0  0.70  7.14  5.72 155 9999.0 999.0 999.0 999.0 99.0 99.00
2020 07 15 07 50 999 99.0 99.0  0.68  6.67  5.79 143 9999.0 999.0 999.0 999.0 99.0 99.00
2020 07 15 08 50 999 99.0 99.0  0.71  6.67  5.78 162 9999.0 999.0 999.0 999.0 99.0 99.00
2020 07 15 09 50 999 99.0 99.0  0.70  6.67  5.74 158 9999.0 999.0 999.0 999.0 99.0 99.00
2020 07 15 10 50 999 99.0 99.0  0.67  6.67  5.56 161 9999.0 999.0 999.0 999.0 99.0 99.00
2020 07 15 11 50 999 99.0 99.0  0.63  7.14  5.62 150 9999.0 999.0 999.0 999.0 99.0 99.00
2020 07 15 12 50 999 99.0 99.0  0.64  6.67  5.53 150 9999.0 999.0 999.0 999.0 99.0 99.00
2020 07 15 13 50 999 99.0 99.0  0.60  7.14  5.46 158 9999.0 999.0 999.0 999.0 99.0 99.00
2020 07 15 14 50 999 99.0 99.0  0.63  6.67  5.69 153 9999.0 999.0 999.0 999.0 99.0 99.00
2020 07 15 15 50 999 99.0 99.0  0.60  6.67  5.63 165 9999.0 999.0 999.0 999.0 99.0 99.00
2020 07 15 16 50 999 99.0 99.0  0.60  7.14  5.79 157 9999.0 999.0 999.0 999.0 99.0 99.00
2020 07 15 17 50 999 99.0 99.0  0.65  7.69  4.91 144 9999.0 999.0 999.0 999.0 99.0 99.00
2020 07 15 18 50 999 99.0 99.0  0.69  6.67  3.90 143 9999.0 999.0 999.0 999.0 99.0 99.00
2020 07 15 19 50 999 99.0 99.0  0.76  7.14  3.71 152 9999.0 999.0 999.0 999.0 99.0 99.00
2020 07 15 20 50 999 99.0 99.0  0.85  3.33  3.72  45 9999.0 999.0 999.0 999.0 99.0 99.00
2020 07 15 21 50 999 99.0 99.0  0.94  3.70  3.92  27 9999.0 999.0 999.0 999.0 99.0 99.00
2020 07 15 22 50 999 99.0 99.0  0.96  4.17  3.88  39 9999.0 999.0 999.0 999.0 99.0 99.00
2020 07 15 23 50 999 99.0 99.0  0.96  4.35  3.99  41 9999.0 999.0 999.0 999.0 99.0 99.00
2020 07 16 00 50 999 99.0 99.0  1.08  4.55  4.04  47 9999.0 999.0 999.0 999.0 99.0 99.00
2020 07 16 01 50 999 99.0 99.0  1.16  4.35  4.20  52 9999.0 999.0 999.0 999.0 99.0 99.00
2020 07 16 02 50 999 99.0 99.0  1.11  4.76  4.18  60 9999.0 999.0 999.0 999.0 99.0 99.00
2020 07 16 03 50 999 99.0 99.0  1.16  5.26  4.21  51 9999.0 999.0 999.0 999.0 99.0 99.00
2020 07 16 04 50 999 99.0 99.0  1.22  5.00  4.25  49 9999.0 999.0 999.0 999.0 99.0 99.00
2020 07 16 05 50 999 99.0 99.0  1.13  5.00  4.29  57 9999.0 999.0 999.0 999.0 99.0 99.00
2020 07 16 06 50 999 99.0 99.0  1.21  5.00  4.41  57 9999.0 999.0 999.0 999.0 99.0 99.00
2020 07 16 07 50 999 99.0 99.0  1.12  5.26  4.43  58 9999.0 999.0 999.0 999.0 99.0 99.00
2020 07 16 08 50 999 99.0 99.0  0.96  5.00  4.25  44 9999.0 999.0 999.0 999.0 99.0 99.00
2020 07 16 09 50 999 99.0 99.0  0.97  5.00  4.29  64 9999.0 999.0 999.0 999.0 99.0 99.00
2020 07 16 10 50 999 99.0 99.0  0.94  4.76  4.16  62 9999.0 999.0 999.0 999.0 99.0 99.00
2020 07 16 11 50 999 99.0 99.0  0.97  5.26  4.17  62 9999.0 999.0 999.0 999.0 99.0 99.00
2020 07 16 12 50 999 99.0 99.0  1.02  5.00  4.17  63 9999.0 999.0 999.0 999.0 99.0 99.00
2020 07 16 13 50 999 99.0 99.0  1.00  5.00  4.22  66 9999.0 999.0 999.0 999.0 99.0 99.00
2020 07 16 14 50 999 99.0 99.0  0.96  5.00  4.02  76 9999.0 999.0 999.0 999.0 99.0 99.00
2020 07 16 15 50 999 99.0 99.0  1.02  4.76  4.21  63 9999.0 999.0 999.0 999.0 99.0 99.00
2020 07 16 16 50 999 99.0 99.0  1.02  5.00  4.14  66 9999.0 999.0 999.0 999.0 99.0 99.00
2020 07 16 17 50 999 99.0 99.0  1.01  5.00  4.14  79 9999.0 999.0 999.0 999.0 99.0 99.00
2020 07 16 18 50 999 99.0 99.0  1.02  4.76  4.12  66 9999.0 999.0 999.0 999.0 99.0 99.00
2020 07 16 19 50 999 99.0 99.0  0.93  4.76  3.92  72 9999.0 999.0 999.0 999.0 99.0 99.00
2020 07 16 20 50 999 99.0 99.0  0.91  4.55  4.04  67 9999.0 999.0 999.0 999.0 99.0 99.00
2020 07 16 21 50 999 99.0 99.0  0.87  4.76  4.09  55 9999.0 999.0 999.0 999.0 99.0 99.00
2020 07 16 22 50 999 99.0 99.0  0.86  4.55  3.89  69 9999.0 999.0 999.0 999.0 99.0 99.00
2020 07 16 23 50 999 99.0 99.0  0.85  4.76  4.08  68 9999.0 999.0 999.0 999.0 99.0 99.00
2020 07 17 00 50 999 99.0 99.0  0.86  4.76  4.27  59 9999.0 999.0 999.0 999.0 99.0 99.00
2020 07 17 01 50 999 99.0 99.0  0.81  7.14  4.18 117 9999.0 999.0 999.0 999.0 99.0 99.00
2020 07 17 02 50 999 99.0 99.0  0.86  4.55  4.06  69 9999.0 999.0 999.0 999.0 99.0 99.00
2020 07 17 03 50 999 99.0 99.0  0.86  4.00  3.99  84 9999.0 999.0 999.0 999.0 99.0 99.00
2020 07 17 04 50 999 99.0 99.0  0.91  4.17  4.08  85 9999.0 999.0 999.0 999.0 99.0 99.00
2020 07 17 05 50 999 99.0 99.0  0.91  4.35  3.97  94 9999.0 999.0 999.0 999.0 99.0 99.00
2020 07 17 06 50 999 99.0 99.0  0.98  4.35  4.05  98 9999.0 999.0 999.0 999.0 99.0 99.00
2020 07 17 07 50 999 99.0 99.0  0.93  4.00  3.98 110 9999.0 999.0 999.0 999.0 99.0 99.00
2020 07 17 08 50 999 99.0 99.0  0.87  3.85  3.92 115 9999.0 999.0 999.0 999.0 99.0 99.00
2020 07 17 09 50 999 99.0 99.0  0.89  3.57  3.99 126 9999.0 999.0 999.0 999.0 99.0 99.00
2020 07 17 10 50 999 99.0 99.0  0.87  4.76  3.90  77 9999.0 999.0 999.0 999.0 99.0 99.00
2020 07 17 11 50 999 99.0 99.0  0.80  4.76  3.94  76 9999.0 999.0 999.0 999.0 99.0 99.00
2020 07 17 12 50 999 99.0 99.0  0.80  4.76  3.91  84 9999.0 999.0 999.0 999.0 99.0 99.00
2020 07 17 14 50 999 99.0 99.0  0.79  4.35  3.89 121 9999.0 999.0 999.0 999.0 99.0 99.00
2020 07 17 15 50 999 99.0 99.0  0.76  4.00  3.87 167 9999.0 999.0 999.0 999.0 99.0 99.00
2020 07 17 16 50 999 99.0 99.0  0.78  3.85  3.76 171 9999.0 999.0 999.0 999.0 99.0 99.00
2020 07 17 17 50 999 99.0 99.0  0.82  4.00  3.78 172 9999.0 999.0 999.0 999.0 99.0 99.00
2020 07 17 18 50 999 99.0 99.0  0.82  3.85  3.86 187 9999.0 999.0 999.0 999.0 99.0 99.00
2020 07 17 19 50 999 99.0 99.0  0.80  4.00  3.75 169 9999.0 999.0 999.0 999.0 99.0 99.00
2020 07 17 20 50 999 99.0 99.0  0.88  3.85  3.88 181 9999.0 999.0 999.0 999.0 99.0 99.00
2020 07 17 21 50 999 99.0 99.0  0.80  3.85  3.91 187 9999.0 999.0 999.0 999.0 99.0 99.00
2020 07 17 22 50 999 99.0 99.0  0.82  4.17  3.92 191 9999.0 999.0 999.0 999.0 99.0 99.00
2020 07 17 23 50 999 99.0 99.0  0.84  4.35  3.89 186 9999.0 999.0 999.0 999.0 99.0 99.00
2020 07 18 00 50 999 99.0 99.0  0.84  4.17  4.04 199 9999.0 999.0 999.0 999.0 99.0 99.00
2020 07 18 01 50 999 99.0 99.0  0.87  4.35  4.23 199 9999.0 999.0 999.0 999.0 99.0 99.00
2020 07 18 02 50 999 99.0 99.0  0.79  4.00  4.35 200 9999.0 999.0 999.0 999.0 99.0 99.00
2020 07 18 03 50 999 99.0 99.0  0.81  4.35  4.38 204 9999.0 999.0 999.0 999.0 99.0 99.00
2020 07 18 04 50 999 99.0 99.0  0.80  9.09  4.40  82 9999.0 999.0 999.0 999.0 99.0 99.00
2020 07 18 05 50 999 99.0 99.0  0.85  7.69  4.57 103 9999.0 999.0 999.0 999.0 99.0 99.00
2020 07 18 06 50 999 99.0 99.0  0.81  7.14  4.64 122 9999.0 999.0 999.0 999.0 99.0 99.00
2020 07 18 07 50 999 99.0 99.0  0.79  4.35  4.45 195 9999.0 999.0 999.0 999.0 99.0 99.00
2020 07 18 08 50 999 99.0 99.0  0.78  4.35  4.41 204 9999.0 999.0 999.0 999.0 99.0 99.00
2020 07 18 09 50 999 99.0 99.0  0.84  4.35  4.53 184 9999.0 999.0 999.0 999.0 99.0 99.00
2020 07 18 10 50 999 99.0 99.0  0.77  9.09  4.57  37 9999.0 999.0 999.0 999.0 99.0 99.00
2020 07 18 11 50 999 99.0 99.0  0.72  4.76  4.56 204 9999.0 999.0 999.0 999.0 99.0 99.00
2020 07 18 12 50 999 99.0 99.0  0.80  9.09  4.76  91 9999.0 999.0 999.0 999.0 99.0 99.00
2020 07 18 13 50 999 99.0 99.0  0.78  9.09  5.07  74 9999.0 999.0 999.0 999.0 99.0 99.00
2020 07 18 14 50 999 99.0 99.0  0.73  9.09  5.06  98 9999.0 999.0 999.0 999.0 99.0 99.00
2020 07 18 15 50 999 99.0 99.0  0.78  9.09  5.20 108 9999.0 999.0 999.0 999.0 99.0 99.00
2020 07 18 16 50 999 99.0 99.0  0.72  8.33  5.32 107 9999.0 999.0 999.0 999.0 99.0 99.00
2020 07 18 17 50 999 99.0 99.0  0.68  5.00  4.86 172 9999.0 999.0 999.0 999.0 99.0 99.00
2020 07 18 18 50 999 99.0 99.0  0.75  8.33  5.29  83 9999.0 999.0 999.0 999.0 99.0 99.00
2020 07 18 19 50 999 99.0 99.0  0.69  8.33  5.20  89 9999.0 999.0 999.0 999.0 99.0 99.00
2020 07 18 20 50 999 99.0 99.0  0.66  8.33  5.15  78 9999.0 999.0 999.0 999.0 99.0 99.00
2020 07 18 21 50 999 99.0 99.0  0.76  8.33  5.00  65 9999.0 999.0 999.0 999.0 99.0 99.00
2020 07 18 22 50 999 99.0 99.0  0.70  8.33  5.21  70 9999.0 999.0 999.0 999.0 99.0 99.00
2020 07 18 23 50 999 99.0 99.0  0.66  7.14  5.04  82 9999.0 999.0 999.0 999.0 99.0 99.00
2020 07 19 00 50 999 99.0 99.0  0.67  8.33  5.11  81 9999.0 999.0 999.0 999.0 99.0 99.00
2020 07 19 01 50 999 99.0 99.0  0.67  9.09  5.13  74 9999.0 999.0 999.0 999.0 99.0 99.00
2020 07 19 02 50 999 99.0 99.0  0.58  8.33  5.13 126 9999.0 999.0 999.0 999.0 99.0 99.00
2020 07 19 03 50 999 99.0 99.0  0.56 10.00  5.30  76 9999.0 999.0 999.0 999.0 99.0 99.00
2020 07 19 04 50 999 99.0 99.0  0.57  9.09  5.51 101 9999.0 999.0 999.0 999.0 99.0 99.00
2020 07 19 05 50 999 99.0 99.0  0.61  9.09  5.54 114 9999.0 999.0 999.0 999.0 99.0 99.00
2020 07 19 06 50 999 99.0 99.0  0.59  9.09  5.50 120 9999.0 999.0 999.0 999.0 99.0 99.00
2020 07 19 07 50 999 99.0 99.0  0.63  9.09  5.85  64 9999.0 999.0 999.0 999.0 99.0 99.00
2020 07 19 08 50 999 99.0 99.0  0.58 10.00  5.53  56 9999.0 999.0 999.0 999.0 99.0 99.00
2020 07 19 09 50 999 99.0 99.0  0.57  8.33  5.14  87 9999.0 999.0 999.0 999.0 99.0 99.00
2020 07 19 10 50 999 99.0 99.0  0.58  9.09  5.45  43 9999.0 999.0 999.0 999.0 99.0 99.00
2020 07 19 11 50 999 99.0 99.0  0.60  9.09  5.48  57 9999.0 999.0 999.0 999.0 99.0 99.00
2020 07 19 12 50 999 99.0 99.0  0.59 10.00  4.93  66 9999.0 999.0 999.0 999.0 99.0 99.00
2020 07 19 13 50 999 99.0 99.0  0.58  9.09  5.37  99 9999.0 999.0 999.0 999.0 99.0 99.00
2020 07 19 14 50 999 99.0 99.0  0.54  9.09  5.44 102 9999.0 999.0 999.0 999.0 99.0 99.00
2020 07 19 15 50 999 99.0 99.0  0.55  9.09  5.61 103 9999.0 999.0 999.0 999.0 99.0 99.00
2020 07 19 16 50 999 99.0 99.0  0.47  9.09  5.17  99 9999.0 999.0 999.0 999.0 99.0 99.00
2020 07 19 17 50 999 99.0 99.0  0.51  8.33  5.39  88 9999.0 999.0 999.0 999.0 99.0 99.00
2020 07 19 18 50 999 99.0 99.0  0.57  9.09  5.42  52 9999.0 999.0 999.0 999.0 99.0 99.00
2020 07 19 19 50 999 99.0 99.0  0.58  9.09  4.72  67 9999.0 999.0 999.0 999.0 99.0 99.00
2020 07 19 20 50 999 99.0 99.0  0.53  8.33  4.21  77 9999.0 999.0 999.0 999.0 99.0 99.00
2020 07 19 21 50 999 99.0 99.0  0.57 10.00  4.38  57 9999.0 999.0 999.0 999.0 99.0 99.00
2020 07 19 22 50 999 99.0 99.0  0.56  9.09  4.22  77 9999.0 999.0 999.0 999.0 99.0 99.00
2020 07 19 23 50 999 99.0 99.0  0.57  9.09  3.92  70 9999.0 999.0 999.0 999.0 99.0 99.00
2020 07 20 00 50 999 99.0 99.0  0.60  9.09  3.90  47 9999.0 999.0 999.0 999.0 99.0 99.00
2020 07 20 01 50 999 99.0 99.0  0.57  9.09  4.08  72 9999.0 999.0 999.0 999.0 99.0 99.00
2020 07 20 02 50 999 99.0 99.0  0.61  8.33  4.07  63 9999.0 999.0 999.0 999.0 99.0 99.00
2020 07 20 03 50 999 99.0 99.0  0.57  9.09  4.31 111 9999.0 999.0 999.0 999.0 99.0 99.00
2020 07 20 04 50 999 99.0 99.0  0.63  8.33  4.52  93 9999.0 999.0 999.0 999.0 99.0 99.00
2020 07 20 05 50 999 99.0 99.0  0.61  9.09  4.29  98 9999.0 999.0 999.0 999.0 99.0 99.00
2020 07 20 06 50 999 99.0 99.0  0.67  8.33  4.30 119 9999.0 999.0 999.0 999.0 99.0 99.00
2020 07 20 07 50 999 99.0 99.0  0.71  9.09  4.21  88 9999.0 999.0 999.0 999.0 99.0 99.00
2020 07 20 08 50 999 99.0 99.0  0.71  4.35  4.12 192 9999.0 999.0 999.0 999.0 99.0 99.00
2020 07 20 09 50 999 99.0 99.0  0.71  4.76  4.02 185 9999.0 999.0 999.0 999.0 99.0 99.00
2020 07 20 10 50 999 99.0 99.0  0.70  4.55  4.11 193 9999.0 999.0 999.0 999.0 99.0 99.00
2020 07 20 11 50 999 99.0 99.0  0.69  4.55  4.16 194 9999.0 999.0 999.0 999.0 99.0 99.00
2020 07 20 12 50 999 99.0 99.0  0.70  4.76  4.32 200 9999.0 999.0 999.0 999.0 99.0 99.00
2020 07 20 13 50 999 99.0 99.0  0.78  4.76  4.45 203 9999.0 999.0 999.0 999.0 99.0 99.00
2020 07 20 14 50 999 99.0 99.0  0.71  4.76  4.57 196 9999.0 999.0 999.0 999.0 99.0 99.00
2020 07 20 15 50 999 99.0 99.0  0.68  5.00  4.64 204 9999.0 999.0 999.0 999.0 99.0 99.00
2020 07 20 16 50 999 99.0 99.0  0.79  5.56  4.95 184 9999.0 999.0 999.0 999.0 99.0 99.00
2020 07 20 17 50 999 99.0 99.0  0.84  5.56  4.96 194 9999.0 999.0 999.0 999.0 99.0 99.00
2020 07 20 18 50 999 99.0 99.0  0.83  5.88  5.02 174 9999.0 999.0 999.0 999.0 99.0 99.00
2020 07 20 19 50 999 99.0 99.0  0.83  6.25  4.82 180 9999.0 999.0 999.0 999.0 99.0 99.00
2020 07 20 20 50 999 99.0 99.0  0.84  6.25  4.60 159 9999.0 999.0 999.0 999.0 99.0 99.00
2020 07 20 21 50 999 99.0 99.0  0.84  5.88  4.46 181 9999.0 999.0 999.0 999.0 99.0 99.00
2020 07 20 22 50 999 99.0 99.0  0.91  5.88  4.50 180 9999.0 999.0 999.0 999.0 99.0 99.00
2020 07 20 23 50 999 99.0 99.0  0.95  5.88  4.39 183 9999.0 999.0 999.0 999.0 99.0 99.00
2020 07 21 00 50 999 99.0 99.0  0.89  6.25  4.42 182 9999.0 999.0 999.0 999.0 99.0 99.00
2020 07 21 01 50 999 99.0 99.0  0.89  6.25  4.35 187 9999.0 999.0 999.0 999.0 99.0 99.00
2020 07 21 02 50 999 99.0 99.0  0.85  5.88  4.47 181 9999.0 999.0 999.0 999.0 99.0 99.00
2020 07 21 03 50 999 99.0 99.0  0.81  5.88  4.62 176 9999.0 999.0 999.0 999.0 99.0 99.00
2020 07 21 04 50 999 99.0 99.0  0.80  5.88  4.80 166 9999.0 999.0 999.0 999.0 99.0 99.00
2020 07 21 05 50 999 99.0 99.0  0.68  5.88  4.60 155 9999.0 999.0 999.0 999.0 99.0 99.00
2020 07 21 06 50 999 99.0 99.0  0.67  5.88  4.84 155 9999.0 999.0 999.0 999.0 99.0 99.00
2020 07 21 07 50 999 99.0 99.0  0.69  5.56  4.89 169 9999.0 999.0 999.0 999.0 99.0 99.00
2020 07 21 08 50 999 99.0 99.0  0.65  5.26  4.86 163 9999.0 999.0 999.0 999.0 99.0 99.00
2020 07 21 09 50 999 99.0 99.0  0.65  5.56  4.64 192 9999.0 999.0 999.0 999.0 99.0 99.00
2020 07 21 10 50 999 99.0 99.0  0.64  5.00  4.46 184 9999.0 999.0 999.0 999.0 99.0 99.00
2020 07 21 11 50 999 99.0 99.0  0.65  5.00  4.52 177 9999.0 999.0 999.0 999.0 99.0 99.00
2020 07 21 12 50 999 99.0 99.0  0.69  5.88  4.50 184 9999.0 999.0 999.0 999.0 99.0 99.00
2020 07 21 13 50 999 99.0 99.0  0.76  5.56  4.66 180 9999.0 999.0 999.0 999.0 99.0 99.00
2020 07 21 14 50 999 99.0 99.0  0.80  6.25  4.74 176 9999.0 999.0 999.0 999.0 99.0 99.00
2020 07 21 15 50 999 99.0 99.0  0.75  6.25  4.64 183 9999.0 999.0 999.0 999.0 99.0 99.00
2020 07 21 16 50 999 99.0 99.0  0.72  5.56  4.60 177 9999.0 999.0 999.0 999.0 99.0 99.00
2020 07 21 17 50 999 99.0 99.0  0.66  5.88  4.62 178 9999.0 999.0 999.0 999.0 99.0 99.00
2020 07 21 18 50 999 99.0 99.0  0.66  5.88  4.59 159 9999.0 999.0 999.0 999.0 99.0 99.00
2020 07 21 19 50 999 99.0 99.0  0.64  5.88  4.71 165 9999.0 999.0 999.0 999.0 99.0 99.00
2020 07 21 20 50 999 99.0 99.0  0.65  5.26  4.63 169 9999.0 999.0 999.0 999.0 99.0 99.00
2020 07 21 21 50 999 99.0 99.0  0.70  5.88  4.86 184 9999.0 999.0 999.0 999.0 99.0 99.00
2020 07 21 22 50 999 99.0 99.0  0.66  5.56  4.84 167 9999.0 999.0 999.0 999.0 99.0 99.00
2020 07 21 23 50 999 99.0 99.0  0.72  5.56  4.91 163 9999.0 999.0 999.0 999.0 99.0 99.00
2020 07 22 00 50 999 99.0 99.0  0.66  5.56  4.74 184 9999.0 999.0 999.0 999.0 99.0 99.00
2020 07 22 01 50 999 99.0 99.0  0.65  5.56  4.69 165 9999.0 999.0 999.0 999.0 99.0 99.00
2020 07 22 02 50 999 99.0 99.0  0.63  5.56  4.71 173 9999.0 999.0 999.0 999.0 99.0 99.00
2020 07 22 03 50 999 99.0 99.0  0.63  5.56  4.72 175 9999.0 999.0 999.0 999.0 99.0 99.00
2020 07 22 04 50 999 99.0 99.0  0.62  5.26  4.85 183 9999.0 999.0 999.0 999.0 99.0 99.00
2020 07 22 05 50 999 99.0 99.0  0.63  5.88  4.69 167 9999.0 999.0 999.0 999.0 99.0 99.00
2020 07 22 06 50 999 99.0 99.0  0.63  5.26  4.16 172 9999.0 999.0 999.0 999.0 99.0 99.00
2020 07 22 07 50 999 99.0 99.0  0.62  5.88  4.15 164 9999.0 999.0 999.0 999.0 99.0 99.00
2020 07 22 08 50 999 99.0 99.0  0.60  5.26  4.55 175 9999.0 999.0 999.0 999.0 99.0 99.00
2020 07 22 09 50 999 99.0 99.0  0.59  5.26  4.25 181 9999.0 999.0 999.0 999.0 99.0 99.00
2020 07 22 10 50 999 99.0 99.0  0.58  5.26  4.40 191 9999.0 999.0 999.0 999.0 99.0 99.00
2020 07 22 11 50 999 99.0 99.0  0.57  5.26  4.38 191 9999.0 999.0 999.0 999.0 99.0 99.00
2020 07 22 12 50 999 99.0 99.0  0.55  5.56  4.26 185 9999.0 999.0 999.0 999.0 99.0 99.00
2020 07 22 13 50 999 99.0 99.0  0.54  5.88  4.53 196 9999.0 999.0 999.0 999.0 99.0 99.00
2020 07 22 14 50 999 99.0 99.0  0.60  5.00  4.74 197 9999.0 999.0 999.0 999.0 99.0 99.00
2020 07 22 15 50 999 99.0 99.0  0.59  5.56  4.46 187 9999.0 999.0 999.0 999.0 99.0 99.00
2020 07 22 16 50 999 99.0 99.0  0.57  4.76  4.06 205 9999.0 999.0 999.0 999.0 99.0 99.00
2020 07 22 17 50 999 99.0 99.0  0.58  5.56  3.93 180 9999.0 999.0 999.0 999.0 99.0 99.00
2020 07 22 18 50 999 99.0 99.0  0.60  5.56  4.01 156 9999.0 999.0 999.0 999.0 99.0 99.00
2020 07 22 19 50 999 99.0 99.0  0.67  5.56  3.87 158 9999.0 999.0 999.0 999.0 99.0 99.00
2020 07 22 20 50 999 99.0 99.0  0.67  5.26  3.81 163 9999.0 999.0 999.0 999.0 99.0 99.00
2020 07 22 21 50 999 99.0 99.0  0.67  5.56  3.94 162 9999.0 999.0 999.0 999.0 99.0 99.00
2020 07 22 22 50 999 99.0 99.0  0.72  5.56  4.00 172 9999.0 999.0 999.0 999.0 99.0 99.00
2020 07 22 23 50 999 99.0 99.0  0.70  5.26  4.03 160 9999.0 999.0 999.0 999.0 99.0 99.00
2020 07 23 00 50 999 99.0 99.0  0.79  5.56  3.66 167 9999.0 999.0 999.0 999.0 99.0 99.00
2020 07 23 01 50 999 99.0 99.0  0.78  3.70  3.77 228 9999.0 999.0 999.0 999.0 99.0 99.00
2020 07 23 02 50 999 99.0 99.0  0.67  5.26  4.09 159 9999.0 999.0 999.0 999.0 99.0 99.00
2020 07 23 03 50 999 99.0 99.0  0.60  4.55  4.06 164 9999.0 999.0 999.0 999.0 99.0 99.00
2020 07 23 04 50 999 99.0 99.0  0.57  5.00  4.53 165 9999.0 999.0 999.0 999.0 99.0 99.00
2020 07 23 05 50 999 99.0 99.0  0.51  5.26  4.75 177 9999.0 999.0 999.0 999.0 99.0 99.00
2020 07 23 06 50 999 99.0 99.0  0.59  5.56  4.81 183 9999.0 999.0 999.0 999.0 99.0 99.00
2020 07 23 07 50 999 99.0 99.0  0.61  5.26  4.73 192 9999.0 999.0 999.0 999.0 99.0 99.00
2020 07 23 08 50 999 99.0 99.0  0.65  5.26  4.67 194 9999.0 999.0 999.0 999.0 99.0 99.00
2020 07 23 09 50 999 99.0 99.0  0.61  5.26  4.71 194 9999.0 999.0 999.0 999.0 99.0 99.00
2020 07 23 10 50 999 99.0 99.0  0.61  4.76  4.73 196 9999.0 999.0 999.0 999.0 99.0 99.00
2020 07 23 11 50 999 99.0 99.0  0.64  5.00  4.88 199 9999.0 999.0 999.0 999.0 99.0 99.00
2020 07 23 12 50 999 99.0 99.0  0.61  5.26  4.83 192 9999.0 999.0 999.0 999.0 99.0 99.00
2020 07 23 13 50 999 99.0 99.0  0.70  5.26  4.94 188 9999.0 999.0 999.0 999.0 99.0 99.00
2020 07 23 14 50 999 99.0 99.0  0.67  5.00  4.74 197 9999.0 999.0 999.0 999.0 99.0 99.00
2020 07 23 15 50 999 99.0 99.0  0.66  5.56  4.92 177 9999.0 999.0 999.0 999.0 99.0 99.00
2020 07 23 16 50 999 99.0 99.0  0.68  5.88  4.61 185 9999.0 999.0 999.0 999.0 99.0 99.00
2020 07 23 17 50 999 99.0 99.0  0.70  5.00  4.25 189 9999.0 999.0 999.0 999.0 99.0 99.00
2020 07 23 18 50 999 99.0 99.0  0.80  5.88  4.15 162 9999.0 999.0 999.0 999.0 99.0 99.00
2020 07 23 19 50 999 99.0 99.0  0.77  5.88  4.04 169 9999.0 999.0 999.0 999.0 99.0 99.00
2020 07 23 20 50 999 99.0 99.0  0.90  5.88  4.15 176 9999.0 999.0 999.0 999.0 99.0 99.00
2020 07 23 21 50 999 99.0 99.0  0.90  5.88  4.00 170 9999.0 999.0 999.0 999.0 99.0 99.00
2020 07 23 22 50 999 99.0 99.0  1.00  5.26  4.12 180 9999.0 999.0 999.0 999.0 99.0 99.00
2020 07 23 23 50 999 99.0 99.0  0.96  4.76  4.08 195 9999.0 999.0 999.0 999.0 99.0 99.00
2020 07 24 00 50 999 99.0 99.0  0.93  5.26  4.11 193 9999.0 999.0 999.0 999.0 99.0 99.00
2020 07 24 01 50 999 99.0 99.0  0.86  5.56  3.98 190 9999.0 999.0 999.0 999.0 99.0 99.00
2020 07 24 02 50 999 99.0 99.0  0.85  5.26  4.03 195 9999.0 999.0 999.0 999.0 99.0 99.00
2020 07 24 03 50 999 99.0 99.0  0.79  5.26  4.22 205 9999.0 999.0 999.0 999.0 99.0 99.00
2020 07 24 04 50 999 99.0 99.0  0.83  5.56  4.22 188 9999.0 999.0 999.0 999.0 99.0 99.00
2020 07 24 05 50 999 99.0 99.0  0.94  5.56  4.42 194 9999.0 999.0 999.0 999.0 99.0 99.00
2020 07 24 06 50 999 99.0 99.0  0.88  6.25  4.36 182 9999.0 999.0 999.0 999.0 99.0 99.00
2020 07 24 07 50 999 99.0 99.0  0.87  5.56  4.44 198 9999.0 999.0 999.0 999.0 99.0 99.00
2020 07 24 08 50 999 99.0 99.0  0.82  5.56  4.41 189 9999.0 999.0 999.0 999.0 99.0 99.00
2020 07 24 09 50 999 99.0 99.0  0.83  5.88  4.45 182 9999.0 999.0 999.0 999.0 99.0 99.00
2020 07 24 10 50 999 99.0 99.0  0.87  5.88  4.58 192 9999.0 999.0 999.0 999.0 99.0 99.00
2020 07 24 11 50 999 99.0 99.0  0.92  5.88  4.59 198 9999.0 999.0 999.0 999.0 99.0 99.00
2020 07 24 12 50 999 99.0 99.0  0.80  5.88  4.27 191 9999.0 999.0 999.0 999.0 99.0 99.00
2020 07 24 13 50 999 99.0 99.0  0.74  5.26  4.39 186 9999.0 999.0 999.0 999.0 99.0 99.00
2020 07 24 14 50 999 99.0 99.0  0.79  5.88  4.64 177 9999.0 999.0 999.0 999.0 99.0 99.00
2020 07 24 15 50 999 99.0 99.0  0.79  5.56  4.84 188 9999.0 999.0 999.0 999.0 99.0 99.00
2020 07 24 16 50 999 99.0 99.0  0.70  5.88  4.81 186 9999.0 999.0 999.0 999.0 99.0 99.00
2020 07 24 17 50 999 99.0 99.0  0.70  5.56  4.55 189 9999.0 999.0 999.0 999.0 99.0 99.00
2020 07 24 18 50 999 99.0 99.0  0.70  5.56  4.95 167 9999.0 999.0 999.0 999.0 99.0 99.00
2020 07 24 19 50 999 99.0 99.0  0.64  5.88  4.98 170 9999.0 999.0 999.0 999.0 99.0 99.00
2020 07 24 20 50 999 99.0 99.0  0.62  5.56  4.96 174 9999.0 999.0 999.0 999.0 99.0 99.00
2020 07 24 21 50 999 99.0 99.0  0.62  5.26  4.96 174 9999.0 999.0 999.0 999.0 99.0 99.00
2020 07 24 22 50 999 99.0 99.0  0.55  5.26  4.83 163 9999.0 999.0 999.0 999.0 99.0 99.00
2020 07 24 23 50 999 99.0 99.0  0.61  5.26  4.94 181 9999.0 999.0 999.0 999.0 99.0 99.00
2020 07 25 00 50 999 99.0 99.0  0.60  5.00  4.67 185 9999.0 999.0 999.0 999.0 99.0 99.00
2020 07 25 01 50 999 99.0 99.0  0.64  5.00  4.54 194 9999.0 999.0 999.0 999.0 99.0 99.00
2020 07 25 02 50 999 99.0 99.0  0.70  5.00  4.62 179 9999.0 999.0 999.0 999.0 99.0 99.00
2020 07 25 03 50 999 99.0 99.0  0.66  5.00  4.50 186 9999.0 999.0 999.0 999.0 99.0 99.00
2020 07 25 04 50 999 99.0 99.0  0.63  5.26  4.57 182 9999.0 999.0 999.0 999.0 99.0 99.00
2020 07 25 05 50 999 99.0 99.0  0.60  5.56  4.64 176 9999.0 999.0 999.0 999.0 99.0 99.00
2020 07 25 06 50 999 99.0 99.0  0.60  5.26  4.77 181 9999.0 999.0 999.0 999.0 99.0 99.00
2020 07 25 07 50 999 99.0 99.0  0.57  4.55  4.69 157 9999.0 999.0 999.0 999.0 99.0 99.00
2020 07 25 08 50 999 99.0 99.0  0.56  5.26  4.70 171 9999.0 999.0 999.0 999.0 99.0 99.00
2020 07 25 09 50 999 99.0 99.0  0.54  5.26  4.61 163 9999.0 999.0 999.0 999.0 99.0 99.00
2020 07 25 10 50 999 99.0 99.0  0.52  5.26  4.60 165 9999.0 999.0 999.0 999.0 99.0 99.00
2020 07 25 11 50 999 99.0 99.0  0.56  5.00  4.18 172 9999.0 999.0 999.0 999.0 99.0 99.00
2020 07 25 12 50 999 99.0 99.0  0.56  5.26  3.74 152 9999.0 999.0 999.0 999.0 99.0 99.00
2020 07 25 13 50 999 99.0 99.0  0.55  4.76  4.21 171 9999.0 999.0 999.0 999.0 99.0 99.00
2020 07 25 14 50 999 99.0 99.0  0.53 12.90  4.27  31 9999.0 999.0 999.0 999.0 99.0 99.00
2020 07 25 15 50 999 99.0 99.0  0.51  4.76  4.11 164 9999.0 999.0 999.0 999.0 99.0 99.00
2020 07 25 16 50 999 99.0 99.0  0.54  4.55  4.06 173 9999.0 999.0 999.0 999.0 99.0 99.00
2020 07 25 17 50 999 99.0 99.0  0.52  6.67  4.42 128 9999.0 999.0 999.0 999.0 99.0 99.00
2020 07 25 18 50 999 99.0 99.0  0.57  6.25  4.66 163 9999.0 999.0 999.0 999.0 99.0 99.00
2020 07 25 19 50 999 99.0 99.0  0.66  5.88  4.93 165 9999.0 999.0 999.0 999.0 99.0 99.00
2020 07 25 20 50 999 99.0 99.0  0.61  5.88  4.86 184 9999.0 999.0 999.0 999.0 99.0 99.00
2020 07 25 21 50 999 99.0 99.0  0.54  5.26  4.63 202 9999.0 999.0 999.0 999.0 99.0 99.00
2020 07 25 22 50 999 99.0 99.0  0.56  5.00  4.69 172 9999.0 999.0 999.0 999.0 99.0 99.00
2020 07 25 23 50 999 99.0 99.0  0.56  5.26  4.56 163 9999.0 999.0 999.0 999.0 99.0 99.00
2020 07 26 00 50 999 99.0 99.0  0.55  5.26  4.49 159 9999.0 999.0 999.0 999.0 99.0 99.00
2020 07 26 01 50 999 99.0 99.0  0.54  5.00  4.47 155 9999.0 999.0 999.0 999.0 99.0 99.00
2020 07 26 02 50 999 99.0 99.0  0.52  5.26  4.47 161 9999.0 999.0 999.0 999.0 99.0 99.00
2020 07 26 03 50 999 99.0 99.0  0.54  5.00  4.14 178 9999.0 999.0 999.0 999.0 99.0 99.00
2020 07 26 04 50 999 99.0 99.0  0.51  4.76  3.85 187 9999.0 999.0 999.0 999.0 99.0 99.00
2020 07 26 05 50 999 99.0 99.0  0.49  5.00  4.04 173 9999.0 999.0 999.0 999.0 99.0 99.00
2020 07 26 06 50 999 99.0 99.0  0.47  5.00  4.00 184 9999.0 999.0 999.0 999.0 99.0 99.00
2020 07 26 07 50 999 99.0 99.0  0.49  5.26  4.31 190 9999.0 999.0 999.0 999.0 99.0 99.00
2020 07 26 08 50 999 99.0 99.0  0.47  5.26  4.18 161 9999.0 999.0 999.0 999.0 99.0 99.00
2020 07 26 09 50 999 99.0 99.0  0.46 14.81  4.18 141 9999.0 999.0 999.0 999.0 99.0 99.00
2020 07 26 10 50 999 99.0 99.0  0.49  5.00  4.42 192 9999.0 999.0 999.0 999.0 99.0 99.00
2020 07 26 11 50 999 99.0 99.0  0.47 12.90  4.36  74 9999.0 999.0 999.0 999.0 99.0 99.00
2020 07 26 12 50 999 99.0 99.0  0.47 12.90  4.33 210 9999.0 999.0 999.0 999.0 99.0 99.00
2020 07 26 13 50 999 99.0 99.0  0.49  4.76  4.42 189 9999.0 999.0 999.0 999.0 99.0 99.00
2020 07 26 14 50 999 99.0 99.0  0.48  5.56  4.47 155 9999.0 999.0 999.0 999.0 99.0 99.00
2020 07 26 15 50 999 99.0 99.0  0.51  6.25  4.22 170 9999.0 999.0 999.0 999.0 99.0 99.00
2020 07 26 16 50 999 99.0 99.0  0.51  5.56  3.61 154 9999.0 999.0 999.0 999.0 99.0 99.00
2020 07 26 17 50 999 99.0 99.0  0.58  2.47  3.43  29 9999.0 999.0 999.0 999.0 99.0 99.00
2020 07 26 18 50 999 99.0 99.0  0.63  2.94  3.30 193 9999.0 999.0 999.0 999.0 99.0 99.00
2020 07 26 19 50 999 99.0 99.0  0.68  3.03  3.21 197 9999.0 999.0 999.0 999.0 99.0 99.00
2020 07 26 20 50 999 99.0 99.0  0.72  3.45  3.31 212 9999.0 999.0 999.0 999.0 99.0 99.00
2020 07 26 21 50 999 99.0 99.0  0.81  3.70  3.54 218 9999.0 999.0 999.0 999.0 99.0 99.00
2020 07 26 22 50 999 99.0 99.0  0.84  4.00  3.61 217 9999.0 999.0 999.0 999.0 99.0 99.00
2020 07 26 23 50 999 99.0 99.0  0.84  4.00  3.67 220 9999.0 999.0 999.0 999.0 99.0 99.00
2020 07 27 00 50 999 99.0 99.0  0.88  4.17  3.69 216 9999.0 999.0 999.0 999.0 99.0 99.00
2020 07 27 01 50 999 99.0 99.0  0.87  4.17  3.80 209 9999.0 999.0 999.0 999.0 99.0 99.00
2020 07 27 02 50 999 99.0 99.0  0.84  4.35  3.91 199 9999.0 999.0 999.0 999.0 99.0 99.00
2020 07 27 03 50 999 99.0 99.0  0.84  4.17  4.11 202 9999.0 999.0 999.0 999.0 99.0 99.00
2020 07 27 04 50 999 99.0 99.0  0.80  4.55  4.05 198 9999.0 999.0 999.0 999.0 99.0 99.00
2020 07 27 05 50 999 99.0 99.0  0.84  4.76  4.36 199 9999.0 999.0 999.0 999.0 99.0 99.00
2020 07 27 06 50 999 99.0 99.0  0.81  4.55  4.33 198 9999.0 999.0 999.0 999.0 99.0 99.00
2020 07 27 07 50 999 99.0 99.0  0.87  8.33  5.00 140 9999.0 999.0 999.0 999.0 99.0 99.00
2020 07 27 08 50 999 99.0 99.0  0.83  9.09  5.09 105 9999.0 999.0 999.0 999.0 99.0 99.00
2020 07 27 09 50 999 99.0 99.0  0.84  8.33  4.97 146 9999.0 999.0 999.0 999.0 99.0 99.00
2020 07 27 10 50 999 99.0 99.0  0.82  9.09  4.98 141 9999.0 999.0 999.0 999.0 99.0 99.00
2020 07 27 11 50 999 99.0 99.0  0.86  5.26  4.79 193 9999.0 999.0 999.0 999.0 99.0 99.00
2020 07 27 12 50 999 99.0 99.0  0.81  5.26  4.76 183 9999.0 999.0 999.0 999.0 99.0 99.00
2020 07 27 13 50 999 99.0 99.0  0.84  9.09  4.70 119 9999.0 999.0 999.0 999.0 99.0 99.00
2020 07 27 14 50 999 99.0 99.0  0.81  5.88  4.80 185 9999.0 999.0 999.0 999.0 99.0 99.00
2020 07 27 15 50 999 99.0 99.0  0.81  5.88  4.73 180 9999.0 999.0 999.0 999.0 99.0 99.00
2020 07 27 16 50 999 99.0 99.0  0.85  5.88  5.00 175 9999.0 999.0 999.0 999.0 99.0 99.00
2020 07 27 17 50 999 99.0 99.0  0.84  5.88  4.91 165 9999.0 999.0 999.0 999.0 99.0 99.00
2020 07 27 18 50 999 99.0 99.0  0.81  5.88  4.94 186 9999.0 999.0 999.0 999.0 99.0 99.00
2020 07 27 19 50 999 99.0 99.0  0.79  5.88  4.99 179 9999.0 999.0 999.0 999.0 99.0 99.00
2020 07 27 20 50 999 99.0 99.0  0.79  6.25  5.06 179 9999.0 999.0 999.0 999.0 99.0 99.00
2020 07 27 21 50 999 99.0 99.0  0.80  9.09  4.61  97 9999.0 999.0 999.0 999.0 99.0 99.00
2020 07 27 22 50 999 99.0 99.0  0.82  6.67  4.59 171 9999.0 999.0 999.0 999.0 99.0 99.00
2020 07 27 23 50 999 99.0 99.0  0.88  9.09  4.38 127 9999.0 999.0 999.0 999.0 99.0 99.00
2020 07 28 00 50 999 99.0 99.0  0.94  8.33  4.24 121 9999.0 999.0 999.0 999.0 99.0 99.00
2020 07 28 01 50 999 99.0 99.0  0.92  8.33  4.16 153 9999.0 999.0 999.0 999.0 99.0 99.00
2020 07 28 02 50 999 99.0 99.0  0.91  7.69  4.11 137 9999.0 999.0 999.0 999.0 99.0 99.00
2020 07 28 03 50 999 99.0 99.0  0.96  5.88  4.22 181 9999.0 999.0 999.0 999.0 99.0 99.00
2020 07 28 04 50 999 99.0 99.0  0.85  8.33  4.13 136 9999.0 999.0 999.0 999.0 99.0 99.00
2020 07 28 05 50 999 99.0 99.0  0.91  8.33  4.02 164 9999.0 999.0 999.0 999.0 99.0 99.00
2020 07 28 06 50 999 99.0 99.0  0.89  3.85  3.94 197 9999.0 999.0 999.0 999.0 99.0 99.00
2020 07 28 07 50 999 99.0 99.0  0.95  4.35  4.15 191 9999.0 999.0 999.0 999.0 99.0 99.00
2020 07 28 08 50 999 99.0 99.0  0.91  4.76  4.33 184 9999.0 999.0 999.0 999.0 99.0 99.00
2020 07 28 09 50 999 99.0 99.0  0.98  5.26  4.19 193 9999.0 999.0 999.0 999.0 99.0 99.00
2020 07 28 10 50 999 99.0 99.0  0.99  9.09  4.54 137 9999.0 999.0 999.0 999.0 99.0 99.00
2020 07 28 11 50 999 99.0 99.0  0.95  6.25  4.58 166 9999.0 999.0 999.0 999.0 99.0 99.00
2020 07 28 12 50 999 99.0 99.0  0.98  6.67  4.89 167 9999.0 999.0 999.0 999.0 99.0 99.00
2020 07 28 13 50 999 99.0 99.0  0.94  5.88  4.72 173 9999.0 999.0 999.0 999.0 99.0 99.00
2020 07 28 21 50 999 99.0 99.0  0.90  6.25  4.22 183 9999.0 999.0 999.0 999.0 99.0 99.00
2020 07 28 22 50 999 99.0 99.0  0.92  6.67  4.27 186 9999.0 999.0 999.0 999.0 99.0 99.00
2020 07 28 23 50 999 99.0 99.0  0.97  6.25  4.37 167 9999.0 999.0 999.0 999.0 99.0 99.00
2020 07 29 00 50 999 99.0 99.0  0.92  4.17  4.26 193 9999.0 999.0 999.0 999.0 99.0 99.00
2020 07 29 01 50 999 99.0 99.0  0.98  6.25  4.31 164 9999.0 999.0 999.0 999.0 99.0 99.00
2020 07 29 02 50 999 99.0 99.0  0.94  5.88  4.00 164 9999.0 999.0 999.0 999.0 99.0 99.00
2020 07 29 03 50 999 99.0 99.0  0.96  3.23  3.90 260 9999.0 999.0 999.0 999.0 99.0 99.00
2020 07 29 04 50 999 99.0 99.0  0.86  5.88  4.32 171 9999.0 999.0 999.0 999.0 99.0 99.00
2020 07 29 05 50 999 99.0 99.0  0.71  6.25  4.49 174 9999.0 999.0 999.0 999.0 99.0 99.00
2020 07 29 06 50 999 99.0 99.0  0.68  9.09  4.62 136 9999.0 999.0 999.0 999.0 99.0 99.00
2020 07 29 07 50 999 99.0 99.0  0.69  8.33  4.57 142 9999.0 999.0 999.0 999.0 99.0 99.00
2020 07 29 08 50 999 99.0 99.0  0.66  6.67  4.43 161 9999.0 999.0 999.0 999.0 99.0 99.00
2020 07 29 09 50 999 99.0 99.0  0.73  6.67  4.33 164 9999.0 999.0 999.0 999.0 99.0 99.00
2020 07 29 10 50 999 99.0 99.0  0.80  6.67  4.35 170 9999.0 999.0 999.0 999.0 99.0 99.00
2020 07 29 11 50 999 99.0 99.0  0.78  6.67  4.49 171 9999.0 999.0 999.0 999.0 99.0 99.00
2020 07 29 12 50 999 99.0 99.0  0.81  5.88  4.93 179 9999.0 999.0 999.0 999.0 99.0 99.00
2020 07 29 13 50 999 99.0 99.0  0.78  5.88  4.91 174 9999.0 999.0 999.0 999.0 99.0 99.00
2020 07 29 14 50 999 99.0 99.0  0.79  6.25  5.08 167 9999.0 999.0 999.0 999.0 99.0 99.00
2020 07 29 15 50 999 99.0 99.0  0.79  6.25  5.13 177 9999.0 999.0 999.0 999.0 99.0 99.00
2020 07 29 16 50 999 99.0 99.0  0.77  6.25  4.93 167 9999.0 999.0 999.0 999.0 99.0 99.00
2020 07 29 17 50 999 99.0 99.0  0.72  6.25  4.93 167 9999.0 999.0 999.0 999.0 99.0 99.00
2020 07 29 18 50 999 99.0 99.0  0.68  6.25  4.61 164 9999.0 999.0 999.0 999.0 99.0 99.00
2020 07 29 19 50 999 99.0 99.0  0.75  5.88  4.01 187 9999.0 999.0 999.0 999.0 99.0 99.00
2020 07 29 20 50 999 99.0 99.0  0.88  3.33  3.85 215 9999.0 999.0 999.0 999.0 99.0 99.00
2020 07 29 21 50 999 99.0 99.0  0.94  3.45  3.84 207 9999.0 999.0 999.0 999.0 99.0 99.00
2020 07 29 22 50 999 99.0 99.0  0.90  6.25  4.05 158 9999.0 999.0 999.0 999.0 99.0 99.00
2020 07 29 23 50 999 99.0 99.0  0.86  5.56  4.19 181 9999.0 999.0 999.0 999.0 99.0 99.00
2020 07 30 00 50 999 99.0 99.0  0.90  6.25  4.20 145 9999.0 999.0 999.0 999.0 99.0 99.00
2020 07 30 01 50 999 99.0 99.0  0.95  6.25  4.44 158 9999.0 999.0 999.0 999.0 99.0 99.00
2020 07 30 02 50 999 99.0 99.0  0.99  5.56  4.52 172 9999.0 999.0 999.0 999.0 99.0 99.00
2020 07 30 03 50 999 99.0 99.0  0.92  6.67  4.39 169 9999.0 999.0 999.0 999.0 99.0 99.00
2020 07 30 04 50 999 99.0 99.0  0.92  5.88  4.63 180 9999.0 999.0 999.0 999.0 99.0 99.00
2020 07 30 05 50 999 99.0 99.0  0.91  5.88  4.61 178 9999.0 999.0 999.0 999.0 99.0 99.00
2020 07 30 06 50 999 99.0 99.0  0.85  5.56  4.66 181 9999.0 999.0 999.0 999.0 99.0 99.00
2020 07 30 07 50 999 99.0 99.0  0.84  5.88  4.65 188 9999.0 999.0 999.0 999.0 99.0 99.00
2020 07 30 08 50 999 99.0 99.0  0.79  5.88  4.58 174 9999.0 999.0 999.0 999.0 99.0 99.00
2020 07 30 09 50 999 99.0 99.0  0.72  5.56  4.56 184 9999.0 999.0 999.0 999.0 99.0 99.00
2020 07 30 10 50 999 99.0 99.0  0.78  5.56  4.72 186 9999.0 999.0 999.0 999.0 99.0 99.00
2020 07 30 11 50 999 99.0 99.0  0.77  5.88  4.64 180 9999.0 999.0 999.0 999.0 99.0 99.00
2020 07 30 12 50 999 99.0 99.0  0.75  6.67  4.63 160 9999.0 999.0 999.0 999.0 99.0 99.00
2020 07 30 13 50 999 99.0 99.0  0.71  6.25  4.72 164 9999.0 999.0 999.0 999.0 99.0 99.00
2020 07 30 14 50 999 99.0 99.0  0.79  5.88  4.68 176 9999.0 999.0 999.0 999.0 99.0 99.00
2020 07 30 15 50 999 99.0 99.0  0.73  5.56  4.37 177 9999.0 999.0 999.0 999.0 99.0 99.00
2020 07 30 16 50 999 99.0 99.0  0.78  5.88  4.18 162 9999.0 999.0 999.0 999.0 99.0 99.00
2020 07 30 17 50 999 99.0 99.0  0.76  5.88  4.05 184 9999.0 999.0 999.0 999.0 99.0 99.00
2020 07 30 18 50 999 99.0 99.0  0.76  5.26  3.90 178 9999.0 999.0 999.0 999.0 99.0 99.00
2020 07 30 19 50 999 99.0 99.0  0.77  5.56  3.92 168 9999.0 999.0 999.0 999.0 99.0 99.00
2020 07 30 20 50 999 99.0 99.0  0.78  5.88  3.92 191 9999.0 999.0 999.0 999.0 99.0 99.00
2020 07 30 21 50 999 99.0 99.0  0.83  5.88  3.98 167 9999.0 999.0 999.0 999.0 99.0 99.00
2020 07 30 22 50 999 99.0 99.0  0.76  3.57  3.86 190 9999.0 999.0 999.0 999.0 99.0 99.00
2020 07 30 23 50 999 99.0 99.0  0.79  5.88  3.89 179 9999.0 999.0 999.0 999.0 99.0 99.00
2020 07 31 00 50 999 99.0 99.0  0.74 10.00  4.01 117 9999.0 999.0 999.0 999.0 99.0 99.00
2020 07 31 01 50 999 99.0 99.0  0.68 10.00  4.21 115 9999.0 999.0 999.0 999.0 99.0 99.00
2020 07 31 02 50 999 99.0 99.0  0.63  9.09  4.32 118 9999.0 999.0 999.0 999.0 99.0 99.00
2020 07 31 03 50 999 99.0 99.0  0.69  4.17  4.33 173 9999.0 999.0 999.0 999.0 99.0 99.00
2020 07 31 04 50 999 99.0 99.0  0.69  4.55  4.32 172 9999.0 999.0 999.0 999.0 99.0 99.00
2020 07 31 05 50 999 99.0 99.0  0.66  9.09  4.35 139 9999.0 999.0 999.0 999.0 99.0 99.00
2020 07 31 06 50 999 99.0 99.0  0.63  4.00  4.38 177 9999.0 999.0 999.0 999.0 99.0 99.00
2020 07 31 07 50 999 99.0 99.0  0.67  5.26  4.45 176 9999.0 999.0 999.0 999.0 99.0 99.00
2020 07 31 08 50 999 99.0 99.0  0.62  9.09  4.62 172 9999.0 999.0 999.0 999.0 99.0 99.00
2020 07 31 09 50 999 99.0 99.0  0.60 10.00  4.94  31 9999.0 999.0 999.0 999.0 99.0 99.00
2020 07 31 10 50 999 99.0 99.0  0.56  6.67  4.86 160 9999.0 999.0 999.0 999.0 99.0 99.00
2020 07 31 11 50 999 99.0 99.0  0.60  5.26  4.82 162 9999.0 999.0 999.0 999.0 99.0 99.00
2020 07 31 12 50 999 99.0 99.0  0.66  5.00  4.49 174 9999.0 999.0 999.0 999.0 99.0 99.00
2020 07 31 13 50 999 99.0 99.0  0.90  3.57  4.02  11 9999.0 999.0 999.0 999.0 99.0 99.00
2020 07 31 14 50 999 99.0 99.0  1.05  4.17  4.04  22 9999.0 999.0 999.0 999.0 99.0 99.00
2020 07 31 15 50 999 99.0 99.0  1.10  4.35  4.17  38 9999.0 999.0 999.0 999.0 99.0 99.00
2020 07 31 16 50 999 99.0 99.0  1.17  4.55  4.24  38 9999.0 999.0 999.0 999.0 99.0 99.00
2020 07 31 17 50 999 99.0 99.0  1.12  4.76  4.28  27 9999.0 999.0 999.0 999.0 99.0 99.00
2020 07 31 18 50 999 99.0 99.0  1.19  5.56  4.48  43 9999.0 999.0 999.0 999.0 99.0 99.00
2020 07 31 19 50 999 99.0 99.0  1.23  5.00  4.42  58 9999.0 999.0 999.0 999.0 99.0 99.00
2020 07 31 20 50 999 99.0 99.0  1.24  5.26  4.63  40 9999.0 999.0 999.0 999.0 99.0 99.00
2020 07 31 21 50 999 99.0 99.0  1.21  5.88  4.60  82 9999.0 999.0 999.0 999.0 99.0 99.00
2020 07 31 22 50 999 99.0 99.0  1.10  5.26  4.60  58 9999.0 999.0 999.0 999.0 99.0 99.00
