#YY  MM DD hh mm WDIR WSPD GST  WVHT   DPD   APD MWD   PRES  ATMP  WTMP  DEWP  VIS  TIDE
#yr  mo dy hr mn degT m/s  m/s     m   sec   sec deg    hPa  degC  degC  degC  nmi    ft
2020 07 31 23 50 999 99.0 99.0  1.05  5.26  4.65  55 9999.0 999.0 999.0 999.0 99.0 99.00
2020 08 01 00 50 999 99.0 99.0  1.06  5.26  4.81  62 9999.0 999.0 999.0 999.0 99.0 99.00
2020 08 01 01 50 999 99.0 99.0  1.00  5.88  4.88  64 9999.0 999.0 999.0 999.0 99.0 99.00
2020 08 01 02 50 999 99.0 99.0  0.91  5.56  4.78  49 9999.0 999.0 999.0 999.0 99.0 99.00
2020 08 01 03 50 999 99.0 99.0  0.91  5.00  4.96  63 9999.0 999.0 999.0 999.0 99.0 99.00
2020 08 01 04 50 999 99.0 99.0  0.87  5.26  5.05  77 9999.0 999.0 999.0 999.0 99.0 99.00
2020 08 01 05 50 999 99.0 99.0  0.88  6.25  5.14 166 9999.0 999.0 999.0 999.0 99.0 99.00
2020 08 01 06 50 999 99.0 99.0  0.85 13.79  5.30 147 9999.0 999.0 999.0 999.0 99.0 99.00
2020 08 01 07 50 999 99.0 99.0  0.89  5.88  4.97 139 9999.0 999.0 999.0 999.0 99.0 99.00
2020 08 01 08 50 999 99.0 99.0  0.91  5.56  4.85 120 9999.0 999.0 999.0 999.0 99.0 99.00
2020 08 01 09 50 999 99.0 99.0  0.89  5.26  4.91 123 9999.0 999.0 999.0 999.0 99.0 99.00
2020 08 01 10 50 999 99.0 99.0  1.02  6.25  5.21 161 9999.0 999.0 999.0 999.0 99.0 99.00
2020 08 01 11 50 999 99.0 99.0  1.00 12.90  5.14 144 9999.0 999.0 999.0 999.0 99.0 99.00
2020 08 01 12 50 999 99.0 99.0  1.03 12.90  5.21 132 9999.0 999.0 999.0 999.0 99.0 99.00
2020 08 01 13 50 999 99.0 99.0  0.94 12.12  5.10  95 9999.0 999.0 999.0 999.0 99.0 99.00
2020 08 01 14 50 999 99.0 99.0  0.95 12.90  5.41 126 9999.0 999.0 999.0 999.0 99.0 99.00
2020 08 01 15 50 999 99.0 99.0  1.07 12.12  6.01 118 9999.0 999.0 999.0 999.0 99.0 99.00
2020 08 01 16 50 999 99.0 99.0  0.94 11.43  5.64 136 9999.0 999.0 999.0 999.0 99.0 99.00
2020 08 01 17 50 999 99.0 99.0  0.97 11.43  5.99 138 9999.0 999.0 999.0 999.0 99.0 99.00
2020 08 01 18 50 999 99.0 99.0  1.00 11.43  5.98 138 9999.0 999.0 999.0 999.0 99.0 99.00
2020 08 01 19 50 999 99.0 99.0  0.98 11.43  6.07 156 9999.0 999.0 999.0 999.0 99.0 99.00
2020 08 01 20 50 999 99.0 99.0  0.94 11.43  5.99 129 9999.0 999.0 999.0 999.0 99.0 99.00
2020 08 01 21 50 999 99.0 99.0  0.92 11.43  6.01 109 9999.0 999.0 999.0 999.0 99.0 99.00
2020 08 01 22 50 999 99.0 99.0  0.93 11.43  6.05 102 9999.0 999.0 999.0 999.0 99.0 99.00
2020 08 01 23 50 999 99.0 99.0  0.95 11.43  5.78  97 9999.0 999.0 999.0 999.0 99.0 99.00
2020 08 02 00 50 999 99.0 99.0  0.99 10.81  5.44 113 9999.0 999.0 999.0 999.0 99.0 99.00
2020 08 02 01 50 999 99.0 99.0  1.00 10.81  5.61  97 9999.0 999.0 999.0 999.0 99.0 99.00
2020 08 02 02 50 999 99.0 99.0  0.97 10.81  5.50 112 9999.0 999.0 999.0 999.0 99.0 99.00
2020 08 02 03 50 999 99.0 99.0  0.86 10.81  5.42 125 9999.0 999.0 999.0 999.0 99.0 99.00
2020 08 02 04 50 999 99.0 99.0  0.94 10.81  5.36 125 9999.0 999.0 999.0 999.0 99.0 99.00
2020 08 02 05 50 999 99.0 99.0  0.99 10.81  4.81 115 9999.0 999.0 999.0 999.0 99.0 99.00
2020 08 02 06 50 999 99.0 99.0  1.02 10.81  4.53 107 9999.0 999.0 999.0 999.0 99.0 99.00
2020 08 02 07 50 999 99.0 99.0  0.95 10.00  4.30 151 9999.0 999.0 999.0 999.0 99.0 99.00
2020 08 02 08 50 999 99.0 99.0  1.05 10.00  4.42 146 9999.0 999.0 999.0 999.0 99.0 99.00
2020 08 02 09 50 999 99.0 99.0  1.04 10.00  4.34  75 9999.0 999.0 999.0 999.0 99.0 99.00
2020 08 02 10 50 999 99.0 99.0  1.01 10.00  4.24  88 9999.0 999.0 999.0 999.0 99.0 99.00
2020 08 02 12 50 999 99.0 99.0  1.10  4.35  4.21 203 9999.0 999.0 999.0 999.0 99.0 99.00
2020 08 02 13 50 999 99.0 99.0  1.05 10.00  4.23 119 9999.0 999.0 999.0 999.0 99.0 99.00
2020 08 02 14 50 999 99.0 99.0  1.09 10.00  4.33 101 9999.0 999.0 999.0 999.0 99.0 99.00
2020 08 02 15 50 999 99.0 99.0  1.12 10.00  4.56 101 9999.0 999.0 999.0 999.0 99.0 99.00
2020 08 02 16 50 999 99.0 99.0  1.22 10.00  4.45 111 9999.0 999.0 999.0 999.0 99.0 99.00
2020 08 02 17 50 999 99.0 99.0  1.39  4.76  4.55 202 9999.0 999.0 999.0 999.0 99.0 99.00
2020 08 02 18 50 999 99.0 99.0  1.47  5.00  4.62 200 9999.0 999.0 999.0 999.0 99.0 99.00
2020 08 02 19 50 999 99.0 99.0  1.43  5.00  4.51 199 9999.0 999.0 999.0 999.0 99.0 99.00
2020 08 02 20 50 999 99.0 99.0  1.59  5.56  4.62 192 9999.0 999.0 999.0 999.0 99.0 99.00
2020 08 02 21 50 999 99.0 99.0  1.45  5.56  4.65 189 9999.0 999.0 999.0 999.0 99.0 99.00
2020 08 02 22 50 999 99.0 99.0  1.51  5.56  4.54 184 9999.0 999.0 999.0 999.0 99.0 99.00
2020 08 02 23 50 999 99.0 99.0  1.53  5.88  4.59 184 9999.0 999.0 999.0 999.0 99.0 99.00
2020 08 03 00 50 999 99.0 99.0  1.61  5.88  4.69 187 9999.0 999.0 999.0 999.0 99.0 99.00
2020 08 03 01 50 999 99.0 99.0  1.53  4.76  4.58 195 9999.0 999.0 999.0 999.0 99.0 99.00
2020 08 03 02 50 999 99.0 99.0  1.65  6.25  4.70 190 9999.0 999.0 999.0 999.0 99.0 99.00
2020 08 03 03 50 999 99.0 99.0  1.57  6.25  4.69 183 9999.0 999.0 999.0 999.0 99.0 99.00
2020 08 03 04 50 999 99.0 99.0  1.50  5.56  4.80 198 9999.0 999.0 999.0 999.0 99.0 99.00
2020 08 03 05 50 999 99.0 99.0  1.58  5.88  4.85 190 9999.0 999.0 999.0 999.0 99.0 99.00
2020 08 03 06 50 999 99.0 99.0  1.43  5.88  4.74 183 9999.0 999.0 999.0 999.0 99.0 99.00
2020 08 03 07 50 999 99.0 99.0  1.33  6.67  4.66 177 9999.0 999.0 999.0 999.0 99.0 99.00
2020 08 03 08 50 999 99.0 99.0  1.37  6.25  4.70 186 9999.0 999.0 999.0 999.0 99.0 99.00
2020 08 03 09 50 999 99.0 99.0  1.26  5.88  4.72 183 9999.0 999.0 999.0 999.0 99.0 99.00
2020 08 03 10 50 999 99.0 99.0  1.25  6.67  4.66 187 9999.0 999.0 999.0 999.0 99.0 99.00
2020 08 03 11 50 999 99.0 99.0  1.23  6.25  4.61 184 9999.0 999.0 999.0 999.0 99.0 99.00
2020 08 03 12 50 999 99.0 99.0  1.11  5.88  4.37 190 9999.0 999.0 999.0 999.0 99.0 99.00
2020 08 03 13 50 999 99.0 99.0  1.10  5.00  4.46 196 9999.0 999.0 999.0 999.0 99.0 99.00
2020 08 03 14 50 999 99.0 99.0  1.08  5.88  4.22 194 9999.0 999.0 999.0 999.0 99.0 99.00
2020 08 03 15 50 999 99.0 99.0  0.98  5.88  4.57 183 9999.0 999.0 999.0 999.0 99.0 99.00
2020 08 03 16 50 999 99.0 99.0  0.92  6.25  4.60 176 9999.0 999.0 999.0 999.0 99.0 99.00
2020 08 03 17 50 999 99.0 99.0  0.97  8.33  4.61 116 9999.0 999.0 999.0 999.0 99.0 99.00
2020 08 03 18 50 999 99.0 99.0  1.04  5.56  4.42 174 9999.0 999.0 999.0 999.0 99.0 99.00
2020 08 03 19 50 999 99.0 99.0  1.09  5.88  4.33 181 9999.0 999.0 999.0 999.0 99.0 99.00
2020 08 03 20 50 999 99.0 99.0  1.00  8.33  4.28 115 9999.0 999.0 999.0 999.0 99.0 99.00
2020 08 03 21 50 999 99.0 99.0  0.91  5.00  4.47 171 9999.0 999.0 999.0 999.0 99.0 99.00
2020 08 03 22 50 999 99.0 99.0  0.87  8.33  4.44 123 9999.0 999.0 999.0 999.0 99.0 99.00
2020 08 03 23 50 999 99.0 99.0  0.82  8.33  4.45 128 9999.0 999.0 999.0 999.0 99.0 99.00
2020 08 04 00 50 999 99.0 99.0  0.79  8.33  4.89 151 9999.0 999.0 999.0 999.0 99.0 99.00
2020 08 04 01 50 999 99.0 99.0  0.70  8.33  4.94 121 9999.0 999.0 999.0 999.0 99.0 99.00
2020 08 04 02 50 999 99.0 99.0  0.67 10.00  5.24  75 9999.0 999.0 999.0 999.0 99.0 99.00
2020 08 04 03 50 999 99.0 99.0  0.67 10.00  5.31  49 9999.0 999.0 999.0 999.0 99.0 99.00
2020 08 04 04 50 999 99.0 99.0  0.71 10.00  4.74  94 9999.0 999.0 999.0 999.0 99.0 99.00
2020 08 04 05 50 999 99.0 99.0  0.74 10.00  4.55 118 9999.0 999.0 999.0 999.0 99.0 99.00
2020 08 04 06 50 999 99.0 99.0  0.84  8.33  4.19 142 9999.0 999.0 999.0 999.0 99.0 99.00
2020 08 04 07 50 999 99.0 99.0  0.97  8.33  4.16 138 9999.0 999.0 999.0 999.0 99.0 99.00
2020 08 04 08 50 999 99.0 99.0  1.03  7.69  4.21 132 9999.0 999.0 999.0 999.0 99.0 99.00
2020 08 04 09 50 999 99.0 99.0  1.19  4.35  4.01 133 9999.0 999.0 999.0 999.0 99.0 99.00
2020 08 04 10 50 999 99.0 99.0  1.37  4.35  4.28 136 9999.0 999.0 999.0 999.0 99.0 99.00
2020 08 04 11 50 999 99.0 99.0  1.64  5.00  4.34 139 9999.0 999.0 999.0 999.0 99.0 99.00
2020 08 04 12 50 999 99.0 99.0  2.22  5.88  4.90 148 9999.0 999.0 999.0 999.0 99.0 99.00
2020 08 04 13 50 999 99.0 99.0  3.51  7.14  5.93 156 9999.0 999.0 999.0 999.0 99.0 99.00
2020 08 04 14 50 999 99.0 99.0  4.23  8.33  6.43 155 9999.0 999.0 999.0 999.0 99.0 99.00
2020 08 04 15 50 999 99.0 99.0  4.31  9.09  6.63 160 9999.0 999.0 999.0 999.0 99.0 99.00
2020 08 04 16 50 999 99.0 99.0  3.43 10.00  6.25 182 9999.0 999.0 999.0 999.0 99.0 99.00
2020 08 04 17 50 999 99.0 99.0  2.90 10.00  6.27 171 9999.0 999.0 999.0 999.0 99.0 99.00
2020 08 04 18 50 999 99.0 99.0  2.34  8.33  5.84 166 9999.0 999.0 999.0 999.0 99.0 99.00
2020 08 04 19 50 999 99.0 99.0  2.03  9.09  5.66 156 9999.0 999.0 999.0 999.0 99.0 99.00
2020 08 04 20 50 999 99.0 99.0  1.89  9.09  5.66 150 9999.0 999.0 999.0 999.0 99.0 99.00
2020 08 04 21 50 999 99.0 99.0  1.73 10.00  5.44 153 9999.0 999.0 999.0 999.0 99.0 99.00
2020 08 04 22 50 999 99.0 99.0  1.65 10.00  5.78 151 9999.0 999.0 999.0 999.0 99.0 99.00
2020 08 04 23 50 999 99.0 99.0  1.42  8.33  5.20 163 9999.0 999.0 999.0 999.0 99.0 99.00
2020 08 05 00 50 999 99.0 99.0  1.33  9.09  5.29 164 9999.0 999.0 999.0 999.0 99.0 99.00
2020 08 05 01 50 999 99.0 99.0  1.30  9.09  5.37 159 9999.0 999.0 999.0 999.0 99.0 99.00
2020 08 05 02 50 999 99.0 99.0  1.25  8.33  5.35 142 9999.0 999.0 999.0 999.0 99.0 99.00
2020 08 05 03 50 999 99.0 99.0  1.31  8.33  6.04 145 9999.0 999.0 999.0 999.0 99.0 99.00
2020 08 05 04 50 999 99.0 99.0  1.31  9.09  6.31 128 9999.0 999.0 999.0 999.0 99.0 99.00
2020 08 05 05 50 999 99.0 99.0  1.21  7.14  6.21 135 9999.0 999.0 999.0 999.0 99.0 99.00
2020 08 05 06 50 999 99.0 99.0  1.35  8.33  6.33 137 9999.0 999.0 999.0 999.0 99.0 99.00
2020 08 05 07 50 999 99.0 99.0  1.31  7.69  6.15 145 9999.0 999.0 999.0 999.0 99.0 99.00
2020 08 05 08 50 999 99.0 99.0  1.39  7.14  5.98 142 9999.0 999.0 999.0 999.0 99.0 99.00
2020 08 05 09 50 999 99.0 99.0  1.40  7.69  5.63 158 9999.0 999.0 999.0 999.0 99.0 99.00
2020 08 05 10 50 999 99.0 99.0  1.43  7.14  5.50 161 9999.0 999.0 999.0 999.0 99.0 99.00
2020 08 05 11 50 999 99.0 99.0  1.36  6.67  5.29 148 9999.0 999.0 999.0 999.0 99.0 99.00
2020 08 05 12 50 999 99.0 99.0  1.32  6.67  5.04 150 9999.0 999.0 999.0 999.0 99.0 99.00
2020 08 05 13 50 999 99.0 99.0  1.20  6.67  4.98 162 9999.0 999.0 999.0 999.0 99.0 99.00
2020 08 05 14 50 999 99.0 99.0  1.02  5.88  4.87 164 9999.0 999.0 999.0 999.0 99.0 99.00
2020 08 05 15 50 999 99.0 99.0  0.87  6.25  4.97 150 9999.0 999.0 999.0 999.0 99.0 99.00
2020 08 05 16 50 999 99.0 99.0  0.77  5.88  5.03 143 9999.0 999.0 999.0 999.0 99.0 99.00
2020 08 05 17 50 999 99.0 99.0  0.67  7.69  4.97 144 9999.0 999.0 999.0 999.0 99.0 99.00
2020 08 05 18 50 999 99.0 99.0  0.61  9.09  5.37 126 9999.0 999.0 999.0 999.0 99.0 99.00
2020 08 05 19 50 999 99.0 99.0  0.64  8.33  5.80 133 9999.0 999.0 999.0 999.0 99.0 99.00
2020 08 05 20 50 999 99.0 99.0  0.62  8.33  5.78 148 9999.0 999.0 999.0 999.0 99.0 99.00
2020 08 05 21 50 999 99.0 99.0  0.63  8.33  5.64 107 9999.0 999.0 999.0 999.0 99.0 99.00
2020 08 05 22 50 999 99.0 99.0  0.68  7.69  6.12 155 9999.0 999.0 999.0 999.0 99.0 99.00
2020 08 05 23 50 999 99.0 99.0  0.65  8.33  6.09 149 9999.0 999.0 999.0 999.0 99.0 99.00
2020 08 06 00 50 999 99.0 99.0  0.70  7.69  5.85 150 9999.0 999.0 999.0 999.0 99.0 99.00
2020 08 06 01 50 999 99.0 99.0  0.74  7.14  6.20 156 9999.0 999.0 999.0 999.0 99.0 99.00
2020 08 06 02 50 999 99.0 99.0  0.80  7.69  6.29 163 9999.0 999.0 999.0 999.0 99.0 99.00
2020 08 06 03 50 999 99.0 99.0  0.84  6.25  6.26 130 9999.0 999.0 999.0 999.0 99.0 99.00
2020 08 06 04 50 999 99.0 99.0  0.89  6.67  6.21 133 9999.0 999.0 999.0 999.0 99.0 99.00
2020 08 06 05 50 999 99.0 99.0  0.91  6.67  6.03 132 9999.0 999.0 999.0 999.0 99.0 99.00
2020 08 06 06 50 999 99.0 99.0  0.92  5.88  5.88 123 9999.0 999.0 999.0 999.0 99.0 99.00
2020 08 06 07 50 999 99.0 99.0  0.83  5.56  5.73 128 9999.0 999.0 999.0 999.0 99.0 99.00
2020 08 06 08 50 999 99.0 99.0  0.86  5.26  5.39 136 9999.0 999.0 999.0 999.0 99.0 99.00
2020 08 06 09 50 999 99.0 99.0  0.78  4.55  5.13 137 9999.0 999.0 999.0 999.0 99.0 99.00
2020 08 06 10 50 999 99.0 99.0  0.74  4.35  5.07 143 9999.0 999.0 999.0 999.0 99.0 99.00
2020 08 06 11 50 999 99.0 99.0  0.64  8.33  4.81 108 9999.0 999.0 999.0 999.0 99.0 99.00
2020 08 06 12 50 999 99.0 99.0  0.64  9.09  4.77 111 9999.0 999.0 999.0 999.0 99.0 99.00
2020 08 06 13 50 999 99.0 99.0  0.55  9.09  4.28 116 9999.0 999.0 999.0 999.0 99.0 99.00
2020 08 06 14 50 999 99.0 99.0  0.55 11.43  5.07 150 9999.0 999.0 999.0 999.0 99.0 99.00
2020 08 06 15 50 999 99.0 99.0  0.54  9.09  4.73 127 9999.0 999.0 999.0 999.0 99.0 99.00
2020 08 06 16 50 999 99.0 99.0  0.54  8.33  5.06 151 9999.0 999.0 999.0 999.0 99.0 99.00
2020 08 06 17 50 999 99.0 99.0  0.56  9.09  4.40 121 9999.0 999.0 999.0 999.0 99.0 99.00
2020 08 06 18 50 999 99.0 99.0  0.64  8.33  4.17 131 9999.0 999.0 999.0 999.0 99.0 99.00
2020 08 06 19 50 999 99.0 99.0  0.76  7.69  4.51 132 9999.0 999.0 999.0 999.0 99.0 99.00
2020 08 06 20 50 999 99.0 99.0  0.77  7.69  4.83 137 9999.0 999.0 999.0 999.0 99.0 99.00
2020 08 06 21 50 999 99.0 99.0  0.88  8.33  4.87 103 9999.0 999.0 999.0 999.0 99.0 99.00
2020 08 06 22 50 999 99.0 99.0  0.98  7.69  4.80 135 9999.0 999.0 999.0 999.0 99.0 99.00
2020 08 06 23 50 999 99.0 99.0  1.02  6.25  4.79 149 9999.0 999.0 999.0 999.0 99.0 99.00
2020 08 07 00 50 999 99.0 99.0  1.03  4.76  4.97  74 9999.0 999.0 999.0 999.0 99.0 99.00
2020 08 07 01 50 999 99.0 99.0  1.08  4.76  4.76  92 9999.0 999.0 999.0 999.0 99.0 99.00
2020 08 07 02 50 999 99.0 99.0  0.96  4.55  4.70  55 9999.0 999.0 999.0 999.0 99.0 99.00
2020 08 07 03 50 999 99.0 99.0  0.95  4.55  4.66  73 9999.0 999.0 999.0 999.0 99.0 99.00
2020 08 07 04 50 999 99.0 99.0  0.85  5.00  4.79  94 9999.0 999.0 999.0 999.0 99.0 99.00
2020 08 07 05 50 999 99.0 99.0  0.73  4.76  4.65  70 9999.0 999.0 999.0 999.0 99.0 99.00
2020 08 07 06 50 999 99.0 99.0  0.73 11.43  4.77 118 9999.0 999.0 999.0 999.0 99.0 99.00
2020 08 07 07 50 999 99.0 99.0  0.66  4.55  4.55  64 9999.0 999.0 999.0 999.0 99.0 99.00
2020 08 07 08 50 999 99.0 99.0  0.60 10.81  4.81 130 9999.0 999.0 999.0 999.0 99.0 99.00
2020 08 07 09 50 999 99.0 99.0  0.54 10.81  4.99 138 9999.0 999.0 999.0 999.0 99.0 99.00
2020 08 07 10 50 999 99.0 99.0  0.55 10.81  5.04 116 9999.0 999.0 999.0 999.0 99.0 99.00
2020 08 07 11 50 999 99.0 99.0  0.54 10.00  4.91 119 9999.0 999.0 999.0 999.0 99.0 99.00
2020 08 07 12 50 999 99.0 99.0  0.62 10.00  5.41 126 9999.0 999.0 999.0 999.0 99.0 99.00
2020 08 07 13 50 999 99.0 99.0  0.58  9.09  5.17 125 9999.0 999.0 999.0 999.0 99.0 99.00
2020 08 07 14 50 999 99.0 99.0  0.60  9.09  5.19 131 9999.0 999.0 999.0 999.0 99.0 99.00
2020 08 07 15 50 999 99.0 99.0  0.62  9.09  5.45 155 9999.0 999.0 999.0 999.0 99.0 99.00
2020 08 07 16 50 999 99.0 99.0  0.65  8.33  5.63 147 9999.0 999.0 999.0 999.0 99.0 99.00
2020 08 07 17 50 999 99.0 99.0  0.67  6.25  5.34 150 9999.0 999.0 999.0 999.0 99.0 99.00
2020 08 07 18 50 999 99.0 99.0  0.74  7.14  5.34 144 9999.0 999.0 999.0 999.0 99.0 99.00
2020 08 07 19 50 999 99.0 99.0  0.73  5.88  5.24 143 9999.0 999.0 999.0 999.0 99.0 99.00
2020 08 07 20 50 999 99.0 99.0  0.76 10.81  5.32 101 9999.0 999.0 999.0 999.0 99.0 99.00
2020 08 07 21 50 999 99.0 99.0  0.69  5.26  4.97 125 9999.0 999.0 999.0 999.0 99.0 99.00
2020 08 07 22 50 999 99.0 99.0  0.68  6.25  4.82 122 9999.0 999.0 999.0 999.0 99.0 99.00
2020 08 07 23 50 999 99.0 99.0  0.62 10.81  4.54  92 9999.0 999.0 999.0 999.0 99.0 99.00
2020 08 08 00 50 999 99.0 99.0  0.61 11.43  4.44  77 9999.0 999.0 999.0 999.0 99.0 99.00
2020 08 08 01 50 999 99.0 99.0  0.58 10.81  4.56 149 9999.0 999.0 999.0 999.0 99.0 99.00
2020 08 08 02 50 999 99.0 99.0  0.54 11.43  4.76  61 9999.0 999.0 999.0 999.0 99.0 99.00
2020 08 08 03 50 999 99.0 99.0  0.52 11.43  4.12  49 9999.0 999.0 999.0 999.0 99.0 99.00
2020 08 08 04 50 999 99.0 99.0  0.49 10.81  4.50 151 9999.0 999.0 999.0 999.0 99.0 99.00
2020 08 08 05 50 999 99.0 99.0  0.52 10.81  4.69 120 9999.0 999.0 999.0 999.0 99.0 99.00
2020 08 08 06 50 999 99.0 99.0  0.54 10.00  4.42 114 9999.0 999.0 999.0 999.0 99.0 99.00
2020 08 08 07 50 999 99.0 99.0  0.52 10.00  4.56 124 9999.0 999.0 999.0 999.0 99.0 99.00
2020 08 08 08 50 999 99.0 99.0  0.49 10.00  5.16 129 9999.0 999.0 999.0 999.0 99.0 99.00
2020 08 08 09 50 999 99.0 99.0  0.59  9.09  4.99 115 9999.0 999.0 999.0 999.0 99.0 99.00
2020 08 08 10 50 999 99.0 99.0  0.66  8.33  4.38 101 9999.0 999.0 999.0 999.0 99.0 99.00
2020 08 08 11 50 999 99.0 99.0  0.69  9.09  4.50 133 9999.0 999.0 999.0 999.0 99.0 99.00
2020 08 08 12 50 999 99.0 99.0  0.76  8.33  4.57 121 9999.0 999.0 999.0 999.0 99.0 99.00
2020 08 08 13 50 999 99.0 99.0  0.74 10.00  4.73 115 9999.0 999.0 999.0 999.0 99.0 99.00
2020 08 08 14 50 999 99.0 99.0  0.67 10.81  4.62 108 9999.0 999.0 999.0 999.0 99.0 99.00
2020 08 08 15 50 999 99.0 99.0  0.67  5.26  4.72 140 9999.0 999.0 999.0 999.0 99.0 99.00
2020 08 08 16 50 999 99.0 99.0  0.66  4.76  4.72 137 9999.0 999.0 999.0 999.0 99.0 99.00
2020 08 08 17 50 999 99.0 99.0  0.65 10.81  4.90 128 9999.0 999.0 999.0 999.0 99.0 99.00
2020 08 08 18 50 999 99.0 99.0  0.58 10.81  4.97 110 9999.0 999.0 999.0 999.0 99.0 99.00
2020 08 08 19 50 999 99.0 99.0  0.52 10.81  4.88  80 9999.0 999.0 999.0 999.0 99.0 99.00
2020 08 08 20 50 999 99.0 99.0  0.51 10.81  4.92 129 9999.0 999.0 999.0 999.0 99.0 99.00
2020 08 08 21 50 999 99.0 99.0  0.49 10.81  4.91 108 9999.0 999.0 999.0 999.0 99.0 99.00
2020 08 08 22 50 999 99.0 99.0  0.46 10.81  4.92  81 9999.0 999.0 999.0 999.0 99.0 99.00
2020 08 08 23 50 999 99.0 99.0  0.47 10.00  4.97  99 9999.0 999.0 999.0 999.0 99.0 99.00
2020 08 09 00 50 999 99.0 99.0  0.50 10.00  4.57 141 9999.0 999.0 999.0 999.0 99.0 99.00
2020 08 09 01 50 999 99.0 99.0  0.49 10.00  4.42 124 9999.0 999.0 999.0 999.0 99.0 99.00
2020 08 09 02 50 999 99.0 99.0  0.48  9.09  5.00 136 9999.0 999.0 999.0 999.0 99.0 99.00
2020 08 09 03 50 999 99.0 99.0  0.48 10.00  5.43 102 9999.0 999.0 999.0 999.0 99.0 99.00
2020 08 09 04 50 999 99.0 99.0  0.48 10.00  5.69 129 9999.0 999.0 999.0 999.0 99.0 99.00
2020 08 09 05 50 999 99.0 99.0  0.53  9.09  6.03 118 9999.0 999.0 999.0 999.0 99.0 99.00
2020 08 09 06 50 999 99.0 99.0  0.56  9.09  6.11 119 9999.0 999.0 999.0 999.0 99.0 99.00
2020 08 09 07 50 999 99.0 99.0  0.54  9.09  5.52 109 9999.0 999.0 999.0 999.0 99.0 99.00
2020 08 09 08 50 999 99.0 99.0  0.60  9.09  5.67 121 9999.0 999.0 999.0 999.0 99.0 99.00
2020 08 09 09 50 999 99.0 99.0  0.58  9.09  5.40 107 9999.0 999.0 999.0 999.0 99.0 99.00
2020 08 09 10 50 999 99.0 99.0  0.61  9.09  5.00 136 9999.0 999.0 999.0 999.0 99.0 99.00
2020 08 09 11 50 999 99.0 99.0  0.62  5.26  4.98 128 9999.0 999.0 999.0 999.0 99.0 99.00
2020 08 09 12 50 999 99.0 99.0  0.56  4.76  4.75 121 9999.0 999.0 999.0 999.0 99.0 99.00
2020 08 09 13 50 999 99.0 99.0  0.58  4.55  4.86 136 9999.0 999.0 999.0 999.0 99.0 99.00
2020 08 09 14 50 999 99.0 99.0  0.55 10.00  4.76 150 9999.0 999.0 999.0 999.0 99.0 99.00
2020 08 09 15 50 999 99.0 99.0  0.45 10.00  4.68 151 9999.0 999.0 999.0 999.0 99.0 99.00
2020 08 09 16 50 999 99.0 99.0  0.41 10.81  5.16 102 9999.0 999.0 999.0 999.0 99.0 99.00
2020 08 09 17 50 999 99.0 99.0  0.36 10.81  4.95 133 9999.0 999.0 999.0 999.0 99.0 99.00
2020 08 09 18 50 999 99.0 99.0  0.33 10.00  5.30  98 9999.0 999.0 999.0 999.0 99.0 99.00
2020 08 09 19 50 999 99.0 99.0  0.33 10.00  5.46  70 9999.0 999.0 999.0 999.0 99.0 99.00
2020 08 09 20 50 999 99.0 99.0  0.32  9.09  5.27  95 9999.0 999.0 999.0 999.0 99.0 99.00
2020 08 09 21 50 999 99.0 99.0  0.36 10.00  5.00 106 9999.0 999.0 999.0 999.0 99.0 99.00
2020 08 09 22 50 999 99.0 99.0  0.37 10.00  4.91 128 9999.0 999.0 999.0 999.0 99.0 99.00
2020 08 09 23 50 999 99.0 99.0  0.39  9.09  5.09 104 9999.0 999.0 999.0 999.0 99.0 99.00
2020 08 10 00 50 999 99.0 99.0  0.45  8.33  4.85 123 9999.0 999.0 999.0 999.0 99.0 99.00
2020 08 10 01 50 999 99.0 99.0  0.48  9.09  4.42 124 9999.0 999.0 999.0 999.0 99.0 99.00
2020 08 10 02 50 999 99.0 99.0  0.46  8.33  4.75 154 9999.0 999.0 999.0 999.0 99.0 99.00
2020 08 10 03 50 999 99.0 99.0  0.44  8.33  5.17 107 9999.0 999.0 999.0 999.0 99.0 99.00
2020 08 10 04 50 999 99.0 99.0  0.47  7.69  5.49 118 9999.0 999.0 999.0 999.0 99.0 99.00
2020 08 10 05 50 999 99.0 99.0  0.45  8.33  5.63 109 9999.0 999.0 999.0 999.0 99.0 99.00
2020 08 10 06 50 999 99.0 99.0  0.43  9.09  5.63 108 9999.0 999.0 999.0 999.0 99.0 99.00
2020 08 10 07 50 999 99.0 99.0  0.40 10.00  5.03 128 9999.0 999.0 999.0 999.0 99.0 99.00
2020 08 10 08 50 999 99.0 99.0  0.40 10.00  5.00 122 9999.0 999.0 999.0 999.0 99.0 99.00
2020 08 10 09 50 999 99.0 99.0  0.38 10.00  5.32 100 9999.0 999.0 999.0 999.0 99.0 99.00
2020 08 10 10 50 999 99.0 99.0  0.34  9.09  5.00 136 9999.0 999.0 999.0 999.0 99.0 99.00
2020 08 10 11 50 999 99.0 99.0  0.30  9.09  4.70 107 9999.0 999.0 999.0 999.0 99.0 99.00
2020 08 10 12 50 999 99.0 99.0  0.32  9.09  4.41  79 9999.0 999.0 999.0 999.0 99.0 99.00
2020 08 10 13 50 999 99.0 99.0  0.28  9.09  4.81  55 9999.0 999.0 999.0 999.0 99.0 99.00
2020 08 10 14 50 999 99.0 99.0  0.26 10.00  5.51  96 9999.0 999.0 999.0 999.0 99.0 99.00
2020 08 10 15 50 999 99.0 99.0  0.29 10.00  5.82 146 9999.0 999.0 999.0 999.0 99.0 99.00
2020 08 10 16 50 999 99.0 99.0  0.26 10.00  5.93 121 9999.0 999.0 999.0 999.0 99.0 99.00
2020 08 10 17 50 999 99.0 99.0  0.29  9.09  5.18 107 9999.0 999.0 999.0 999.0 99.0 99.00
2020 08 10 18 50 999 99.0 99.0  0.27 10.00  5.34 140 9999.0 999.0 999.0 999.0 99.0 99.00
2020 08 10 19 50 999 99.0 99.0  0.33  9.09  5.19 132 9999.0 999.0 999.0 999.0 99.0 99.00
2020 08 10 20 50 999 99.0 99.0  0.34  9.09  4.43 106 9999.0 999.0 999.0 999.0 99.0 99.00
2020 08 10 21 50 999 99.0 99.0  0.32  9.09  4.38 119 9999.0 999.0 999.0 999.0 99.0 99.00
2020 08 10 22 50 999 99.0 99.0  0.38  8.33  4.46  97 9999.0 999.0 999.0 999.0 99.0 99.00
2020 08 10 23 50 999 99.0 99.0  0.39  8.33  5.02  92 9999.0 999.0 999.0 999.0 99.0 99.00
2020 08 11 00 50 999 99.0 99.0  0.39  7.14  5.01 126 9999.0 999.0 999.0 999.0 99.0 99.00
2020 08 11 01 50 999 99.0 99.0  0.37 10.00  4.73  19 9999.0 999.0 999.0 999.0 99.0 99.00
2020 08 11 02 50 999 99.0 99.0  0.38  9.09  4.48  68 9999.0 999.0 999.0 999.0 99.0 99.00
2020 08 11 03 50 999 99.0 99.0  0.36 10.00  4.83  15 9999.0 999.0 999.0 999.0 99.0 99.00
2020 08 11 04 50 999 99.0 99.0  0.34  8.33  4.51  35 9999.0 999.0 999.0 999.0 99.0 99.00
2020 08 11 05 50 999 99.0 99.0  0.31 10.00  4.46 147 9999.0 999.0 999.0 999.0 99.0 99.00
2020 08 11 06 50 999 99.0 99.0  0.30 10.00  4.49 110 9999.0 999.0 999.0 999.0 99.0 99.00
2020 08 11 07 50 999 99.0 99.0  0.28 10.81  4.85  18 9999.0 999.0 999.0 999.0 99.0 99.00
2020 08 11 08 50 999 99.0 99.0  0.29 10.81  4.68 137 9999.0 999.0 999.0 999.0 99.0 99.00
2020 08 11 09 50 999 99.0 99.0  0.28 10.00  4.12 152 9999.0 999.0 999.0 999.0 99.0 99.00
2020 08 11 10 50 999 99.0 99.0  0.29  9.09  4.16  53 9999.0 999.0 999.0 999.0 99.0 99.00
2020 08 11 11 50 999 99.0 99.0  0.30 10.00  4.08 163 9999.0 999.0 999.0 999.0 99.0 99.00
2020 08 11 12 50 999 99.0 99.0  0.32 10.00  4.09 127 9999.0 999.0 999.0 999.0 99.0 99.00
2020 08 11 13 50 999 99.0 99.0  0.31 10.00  3.85 152 9999.0 999.0 999.0 999.0 99.0 99.00
2020 08 11 14 50 999 99.0 99.0  0.30  9.09  4.70 102 9999.0 999.0 999.0 999.0 99.0 99.00
2020 08 11 15 50 999 99.0 99.0  0.33 10.00  4.45 121 9999.0 999.0 999.0 999.0 99.0 99.00
2020 08 11 16 50 999 99.0 99.0  0.34  9.09  4.11  93 9999.0 999.0 999.0 999.0 99.0 99.00
2020 08 11 17 50 999 99.0 99.0  0.34  9.09  4.34 115 9999.0 999.0 999.0 999.0 99.0 99.00
2020 08 11 18 50 999 99.0 99.0  0.37  9.09  4.08 106 9999.0 999.0 999.0 999.0 99.0 99.00
2020 08 11 19 50 999 99.0 99.0  0.38 10.00  4.10 101 9999.0 999.0 999.0 999.0 99.0 99.00
2020 08 11 20 50 999 99.0 99.0  0.37  9.09  3.62 105 9999.0 999.0 999.0 999.0 99.0 99.00
2020 08 11 21 50 999 99.0 99.0  0.41  2.60  3.47 174 9999.0 999.0 999.0 999.0 99.0 99.00
2020 08 11 22 50 999 99.0 99.0  0.44  3.03  3.36 163 9999.0 999.0 999.0 999.0 99.0 99.00
2020 08 11 23 50 999 99.0 99.0  0.44  3.13  3.46 173 9999.0 999.0 999.0 999.0 99.0 99.00
2020 08 12 00 50 999 99.0 99.0  0.45  3.23  3.52 167 9999.0 999.0 999.0 999.0 99.0 99.00
2020 08 12 01 50 999 99.0 99.0  0.47  3.23  3.53 166 9999.0 999.0 999.0 999.0 99.0 99.00
2020 08 12 02 50 999 99.0 99.0  0.46  3.13  3.44 162 9999.0 999.0 999.0 999.0 99.0 99.00
2020 08 12 03 50 999 99.0 99.0  0.50  3.13  3.45 162 9999.0 999.0 999.0 999.0 99.0 99.00
2020 08 12 04 50 999 99.0 99.0  0.47  3.45  3.60 185 9999.0 999.0 999.0 999.0 99.0 99.00
2020 08 12 05 50 999 99.0 99.0  0.43  3.45  3.53 182 9999.0 999.0 999.0 999.0 99.0 99.00
2020 08 12 06 50 999 99.0 99.0  0.43  3.57  3.84 183 9999.0 999.0 999.0 999.0 99.0 99.00
2020 08 12 07 50 999 99.0 99.0  0.42 10.00  3.91  92 9999.0 999.0 999.0 999.0 99.0 99.00
2020 08 12 08 50 999 99.0 99.0  0.43  3.57  4.01 186 9999.0 999.0 999.0 999.0 99.0 99.00
2020 08 12 09 50 999 99.0 99.0  0.44 10.00  4.31 143 9999.0 999.0 999.0 999.0 99.0 99.00
2020 08 12 10 50 999 99.0 99.0  0.43  4.00  4.15 184 9999.0 999.0 999.0 999.0 99.0 99.00
2020 08 12 11 50 999 99.0 99.0  0.45 10.00  4.18  17 9999.0 999.0 999.0 999.0 99.0 99.00
2020 08 12 12 50 999 99.0 99.0  0.44  9.09  4.19 159 9999.0 999.0 999.0 999.0 99.0 99.00
2020 08 12 13 50 999 99.0 99.0  0.49 10.81  4.47 138 9999.0 999.0 999.0 999.0 99.0 99.00
2020 08 12 14 50 999 99.0 99.0  0.45 10.00  4.50 126 9999.0 999.0 999.0 999.0 99.0 99.00
2020 08 12 15 50 999 99.0 99.0  0.40 10.00  4.16  66 9999.0 999.0 999.0 999.0 99.0 99.00
2020 08 12 16 50 999 99.0 99.0  0.44 10.81  4.17 347 9999.0 999.0 999.0 999.0 99.0 99.00
2020 08 12 17 50 999 99.0 99.0  0.43 10.00  3.72 146 9999.0 999.0 999.0 999.0 99.0 99.00
2020 08 12 19 50 999 99.0 99.0  0.39 10.00  3.77 149 9999.0 999.0 999.0 999.0 99.0 99.00
2020 08 12 20 50 999 99.0 99.0  0.41 10.00  3.81  21 9999.0 999.0 999.0 999.0 99.0 99.00
2020 08 12 21 50 999 99.0 99.0  0.38 10.00  3.97 124 9999.0 999.0 999.0 999.0 99.0 99.00
2020 08 12 22 50 999 99.0 99.0  0.39 10.81  3.94 138 9999.0 999.0 999.0 999.0 99.0 99.00
2020 08 12 23 50 999 99.0 99.0  0.39 10.81  4.07 161 9999.0 999.0 999.0 999.0 99.0 99.00
2020 08 13 00 50 999 99.0 99.0  0.40 10.81  4.16 107 9999.0 999.0 999.0 999.0 99.0 99.00
2020 08 13 01 50 999 99.0 99.0  0.41 10.00  4.35 119 9999.0 999.0 999.0 999.0 99.0 99.00
2020 08 13 02 50 999 99.0 99.0  0.42 10.00  4.40  99 9999.0 999.0 999.0 999.0 99.0 99.00
2020 08 13 03 50 999 99.0 99.0  0.45 10.00  4.69  90 9999.0 999.0 999.0 999.0 99.0 99.00
2020 08 13 04 50 999 99.0 99.0  0.42 10.00  5.02 142 9999.0 999.0 999.0 999.0 99.0 99.00
2020 08 13 05 50 999 99.0 99.0  0.47 10.00  5.80  81 9999.0 999.0 999.0 999.0 99.0 99.00
2020 08 13 06 50 999 99.0 99.0  0.43  9.09  5.77 142 9999.0 999.0 999.0 999.0 99.0 99.00
2020 08 13 07 50 999 99.0 99.0  0.39  9.09  5.17 133 9999.0 999.0 999.0 999.0 99.0 99.00
2020 08 13 08 50 999 99.0 99.0  0.42  9.09  5.40 124 9999.0 999.0 999.0 999.0 99.0 99.00
2020 08 13 09 50 999 99.0 99.0  0.46 10.00  6.03 113 9999.0 999.0 999.0 999.0 99.0 99.00
2020 08 13 10 50 999 99.0 99.0  0.45 10.00  5.61 130 9999.0 999.0 999.0 999.0 99.0 99.00
2020 08 13 11 50 999 99.0 99.0  0.48 10.00  5.73 104 9999.0 999.0 999.0 999.0 99.0 99.00
2020 08 13 12 50 999 99.0 99.0  0.48 10.00  4.82 118 9999.0 999.0 999.0 999.0 99.0 99.00
2020 08 13 13 50 999 99.0 99.0  0.49 10.00  4.79 133 9999.0 999.0 999.0 999.0 99.0 99.00
2020 08 13 14 50 999 99.0 99.0  0.48 10.00  4.62 115 9999.0 999.0 999.0 999.0 99.0 99.00
2020 08 13 15 50 999 99.0 99.0  0.45 10.00  4.35 235 9999.0 999.0 999.0 999.0 99.0 99.00
2020 08 13 16 50 999 99.0 99.0  0.50 10.00  4.41 131 9999.0 999.0 999.0 999.0 99.0 99.00
2020 08 13 17 50 999 99.0 99.0  0.49 10.00  4.15 108 9999.0 999.0 999.0 999.0 99.0 99.00
2020 08 13 18 50 999 99.0 99.0  0.46 10.00  4.29 103 9999.0 999.0 999.0 999.0 99.0 99.00
2020 08 13 19 50 999 99.0 99.0  0.43 10.00  4.38 116 9999.0 999.0 999.0 999.0 99.0 99.00
2020 08 13 20 50 999 99.0 99.0  0.41 10.00  4.64  97 9999.0 999.0 999.0 999.0 99.0 99.00
2020 08 13 21 50 999 99.0 99.0  0.38 10.00  4.94  75 9999.0 999.0 999.0 999.0 99.0 99.00
2020 08 13 22 50 999 99.0 99.0  0.38  9.09  5.28 104 9999.0 999.0 999.0 999.0 99.0 99.00
2020 08 13 23 50 999 99.0 99.0  0.38 10.00  5.32 114 9999.0 999.0 999.0 999.0 99.0 99.00
2020 08 14 00 50 999 99.0 99.0  0.40  9.09  5.10 111 9999.0 999.0 999.0 999.0 99.0 99.00
2020 08 14 01 50 999 99.0 99.0  0.48  9.09  3.93 119 9999.0 999.0 999.0 999.0 99.0 99.00
2020 08 14 02 50 999 99.0 99.0  0.52 10.00  3.80  91 9999.0 999.0 999.0 999.0 99.0 99.00
2020 08 14 03 50 999 99.0 99.0  0.55 10.00  3.90 103 9999.0 999.0 999.0 999.0 99.0 99.00
2020 08 14 04 50 999 99.0 99.0  0.58  8.33  3.87 120 9999.0 999.0 999.0 999.0 99.0 99.00
2020 08 14 05 50 999 99.0 99.0  0.62 10.00  4.00 120 9999.0 999.0 999.0 999.0 99.0 99.00
2020 08 14 06 50 999 99.0 99.0  0.62  4.76  4.28 128 9999.0 999.0 999.0 999.0 99.0 99.00
2020 08 14 07 50 999 99.0 99.0  0.61 10.00  4.24 118 9999.0 999.0 999.0 999.0 99.0 99.00
2020 08 14 08 50 999 99.0 99.0  0.59  6.25  4.19 168 9999.0 999.0 999.0 999.0 99.0 99.00
2020 08 14 09 50 999 99.0 99.0  0.68  5.56  4.30 179 9999.0 999.0 999.0 999.0 99.0 99.00
2020 08 14 10 50 999 99.0 99.0  0.88  5.26  4.08 169 9999.0 999.0 999.0 999.0 99.0 99.00
2020 08 14 11 50 999 99.0 99.0  1.07  5.88  4.20 160 9999.0 999.0 999.0 999.0 99.0 99.00
2020 08 14 12 50 999 99.0 99.0  0.92  5.56  4.09 160 9999.0 999.0 999.0 999.0 99.0 99.00
2020 08 14 13 50 999 99.0 99.0  0.93  5.56  4.21 161 9999.0 999.0 999.0 999.0 99.0 99.00
2020 08 14 14 50 999 99.0 99.0  0.88  5.88  4.19 168 9999.0 999.0 999.0 999.0 99.0 99.00
2020 08 14 15 50 999 99.0 99.0  0.95  4.76  4.02  52 9999.0 999.0 999.0 999.0 99.0 99.00
2020 08 14 16 50 999 99.0 99.0  0.94  4.55  3.98  81 9999.0 999.0 999.0 999.0 99.0 99.00
2020 08 14 17 50 999 99.0 99.0  0.86  4.55  4.01  78 9999.0 999.0 999.0 999.0 99.0 99.00
2020 08 14 18 50 999 99.0 99.0  1.02  4.76  4.16  77 9999.0 999.0 999.0 999.0 99.0 99.00
2020 08 14 19 50 999 99.0 99.0  0.99  5.00  4.10  85 9999.0 999.0 999.0 999.0 99.0 99.00
2020 08 14 20 50 999 99.0 99.0  1.15  5.00  4.30  88 9999.0 999.0 999.0 999.0 99.0 99.00
2020 08 14 21 50 999 99.0 99.0  1.14  4.17  4.24  30 9999.0 999.0 999.0 999.0 99.0 99.00
2020 08 14 22 50 999 99.0 99.0  1.36  5.00  4.35  48 9999.0 999.0 999.0 999.0 99.0 99.00
2020 08 14 23 50 999 99.0 99.0  1.46  5.56  4.63  55 9999.0 999.0 999.0 999.0 99.0 99.00
2020 08 15 00 50 999 99.0 99.0  1.53  5.56  4.57  57 9999.0 999.0 999.0 999.0 99.0 99.00
2020 08 15 01 50 999 99.0 99.0  1.46  6.25  4.73  74 9999.0 999.0 999.0 999.0 99.0 99.00
2020 08 15 02 50 999 99.0 99.0  1.49  5.88  4.76  51 9999.0 999.0 999.0 999.0 99.0 99.00
2020 08 15 03 50 999 99.0 99.0  1.36  6.25  4.72  66 9999.0 999.0 999.0 999.0 99.0 99.00
2020 08 15 04 50 999 99.0 99.0  1.21  5.88  4.78  58 9999.0 999.0 999.0 999.0 99.0 99.00
2020 08 15 05 50 999 99.0 99.0  1.25  6.25  4.82  48 9999.0 999.0 999.0 999.0 99.0 99.00
2020 08 15 06 50 999 99.0 99.0  1.20  6.25  4.88  53 9999.0 999.0 999.0 999.0 99.0 99.00
2020 08 15 07 50 999 99.0 99.0  1.17  6.25  4.98  55 9999.0 999.0 999.0 999.0 99.0 99.00
2020 08 15 08 50 999 99.0 99.0  1.15  6.25  4.84  55 9999.0 999.0 999.0 999.0 99.0 99.00
2020 08 15 09 50 999 99.0 99.0  1.17  6.25  4.89  57 9999.0 999.0 999.0 999.0 99.0 99.00
2020 08 15 10 50 999 99.0 99.0  1.21  6.67  4.91  68 9999.0 999.0 999.0 999.0 99.0 99.00
2020 08 15 11 50 999 99.0 99.0  1.27  7.14  5.16  67 9999.0 999.0 999.0 999.0 99.0 99.00
2020 08 15 12 50 999 99.0 99.0  1.39  7.14  5.19  70 9999.0 999.0 999.0 999.0 99.0 99.00
2020 08 15 13 50 999 99.0 99.0  1.51  6.67  5.12  67 9999.0 999.0 999.0 999.0 99.0 99.00
2020 08 15 14 50 999 99.0 99.0  1.40  6.67  4.90  71 9999.0 999.0 999.0 999.0 99.0 99.00
2020 08 15 15 50 999 99.0 99.0  1.30  6.67  4.64  66 9999.0 999.0 999.0 999.0 99.0 99.00
2020 08 15 16 50 999 99.0 99.0  1.38  6.67  4.76  71 9999.0 999.0 999.0 999.0 99.0 99.00
2020 08 15 17 50 999 99.0 99.0  1.45  6.67  4.93  71 9999.0 999.0 999.0 999.0 99.0 99.00
2020 08 15 18 50 999 99.0 99.0  1.41  6.67  4.92  72 9999.0 999.0 999.0 999.0 99.0 99.00
2020 08 15 19 50 999 99.0 99.0  1.31  7.14  4.85  76 9999.0 999.0 999.0 999.0 99.0 99.00
2020 08 15 20 50 999 99.0 99.0  1.28  7.14  4.81  75 9999.0 999.0 999.0 999.0 99.0 99.00
2020 08 15 21 50 999 99.0 99.0  1.32  6.25  4.58  68 9999.0 999.0 999.0 999.0 99.0 99.00
2020 08 15 22 50 999 99.0 99.0  1.42  7.14  4.71  77 9999.0 999.0 999.0 999.0 99.0 99.00
2020 08 15 23 50 999 99.0 99.0  1.42  6.67  4.63  63 9999.0 999.0 999.0 999.0 99.0 99.00
2020 08 16 00 50 999 99.0 99.0  1.56  6.67  4.79  72 9999.0 999.0 999.0 999.0 99.0 99.00
2020 08 16 01 50 999 99.0 99.0  1.69  5.56  4.95  60 9999.0 999.0 999.0 999.0 99.0 99.00
2020 08 16 02 50 999 99.0 99.0  1.77  6.67  5.03  68 9999.0 999.0 999.0 999.0 99.0 99.00
2020 08 16 03 50 999 99.0 99.0  1.89  6.25  5.10  62 9999.0 999.0 999.0 999.0 99.0 99.00
2020 08 16 04 50 999 99.0 99.0  1.77  6.67  5.06  79 9999.0 999.0 999.0 999.0 99.0 99.00
2020 08 16 05 50 999 99.0 99.0  1.82  6.67  5.18  64 9999.0 999.0 999.0 999.0 99.0 99.00
2020 08 16 06 50 999 99.0 99.0  2.03  7.14  5.50  49 9999.0 999.0 999.0 999.0 99.0 99.00
2020 08 16 07 50 999 99.0 99.0  2.03  7.69  5.44  49 9999.0 999.0 999.0 999.0 99.0 99.00
2020 08 16 08 50 999 99.0 99.0  2.06  7.69  5.40  55 9999.0 999.0 999.0 999.0 99.0 99.00
2020 08 16 09 50 999 99.0 99.0  2.17  7.14  5.46  55 9999.0 999.0 999.0 999.0 99.0 99.00
2020 08 16 10 50 999 99.0 99.0  2.07  7.14  5.24  53 9999.0 999.0 999.0 999.0 99.0 99.00
2020 08 16 11 50 999 99.0 99.0  2.17  7.14  5.16  63 9999.0 999.0 999.0 999.0 99.0 99.00
2020 08 16 12 50 999 99.0 99.0  2.51  7.14  5.58  60 9999.0 999.0 999.0 999.0 99.0 99.00
2020 08 16 13 50 999 99.0 99.0  2.48  7.69  5.37  62 9999.0 999.0 999.0 999.0 99.0 99.00
2020 08 16 14 50 999 99.0 99.0  2.38  6.67  5.39  57 9999.0 999.0 999.0 999.0 99.0 99.00
2020 08 16 15 50 999 99.0 99.0  2.24  5.88  5.14  62 9999.0 999.0 999.0 999.0 99.0 99.00
2020 08 16 16 50 999 99.0 99.0  2.27  6.67  5.18  59 9999.0 999.0 999.0 999.0 99.0 99.00
2020 08 16 17 50 999 99.0 99.0  2.56  6.67  5.43  62 9999.0 999.0 999.0 999.0 99.0 99.00
2020 08 16 18 50 999 99.0 99.0  2.55  7.14  5.68  67 9999.0 999.0 999.0 999.0 99.0 99.00
2020 08 16 19 50 999 99.0 99.0  2.69  7.69  5.91  68 9999.0 999.0 999.0 999.0 99.0 99.00
2020 08 16 20 50 999 99.0 99.0  2.66  8.33  6.01  78 9999.0 999.0 999.0 999.0 99.0 99.00
2020 08 16 21 50 999 99.0 99.0  2.75  8.33  6.20  82 9999.0 999.0 999.0 999.0 99.0 99.00
2020 08 16 22 50 999 99.0 99.0  2.37  8.33  6.02  69 9999.0 999.0 999.0 999.0 99.0 99.00
2020 08 16 23 50 999 99.0 99.0  2.37  9.09  5.93  84 9999.0 999.0 999.0 999.0 99.0 99.00
2020 08 17 00 50 999 99.0 99.0  2.45  8.33  6.10  78 9999.0 999.0 999.0 999.0 99.0 99.00
2020 08 17 01 50 999 99.0 99.0  2.44  7.69  6.15  67 9999.0 999.0 999.0 999.0 99.0 99.00
2020 08 17 02 50 999 99.0 99.0  2.18  8.33  5.92  67 9999.0 999.0 999.0 999.0 99.0 99.00
2020 08 17 03 50 999 99.0 99.0  2.18  8.33  5.88  61 9999.0 999.0 999.0 999.0 99.0 99.00
2020 08 17 04 50 999 99.0 99.0  2.11  9.09  5.77  66 9999.0 999.0 999.0 999.0 99.0 99.00
2020 08 17 05 50 999 99.0 99.0  2.26  8.33  6.10  61 9999.0 999.0 999.0 999.0 99.0 99.00
2020 08 17 06 50 999 99.0 99.0  2.25  8.33  6.20  65 9999.0 999.0 999.0 999.0 99.0 99.00
2020 08 17 07 50 999 99.0 99.0  2.21  9.09  6.26  79 9999.0 999.0 999.0 999.0 99.0 99.00
2020 08 17 08 50 999 99.0 99.0  2.27  9.09  6.31  82 9999.0 999.0 999.0 999.0 99.0 99.00
2020 08 17 09 50 999 99.0 99.0  2.29 10.00  6.50  92 9999.0 999.0 999.0 999.0 99.0 99.00
2020 08 17 10 50 999 99.0 99.0  2.19  9.09  6.70  73 9999.0 999.0 999.0 999.0 99.0 99.00
2020 08 17 11 50 999 99.0 99.0  2.38  9.09  7.09  76 9999.0 999.0 999.0 999.0 99.0 99.00
2020 08 17 12 50 999 99.0 99.0  2.03 10.00  6.98  81 9999.0 999.0 999.0 999.0 99.0 99.00
2020 08 17 13 50 999 99.0 99.0  2.04 10.00  7.12  83 9999.0 999.0 999.0 999.0 99.0 99.00
2020 08 17 14 50 999 99.0 99.0  2.03  9.09  7.07  83 9999.0 999.0 999.0 999.0 99.0 99.00
2020 08 17 15 50 999 99.0 99.0  1.83  9.09  6.97  71 9999.0 999.0 999.0 999.0 99.0 99.00
2020 08 17 16 50 999 99.0 99.0  1.68 10.00  6.90  81 9999.0 999.0 999.0 999.0 99.0 99.00
2020 08 17 17 50 999 99.0 99.0  1.59  8.33  6.91  73 9999.0 999.0 999.0 999.0 99.0 99.00
2020 08 17 18 50 999 99.0 99.0  1.59  9.09  7.03  81 9999.0 999.0 999.0 999.0 99.0 99.00
2020 08 17 19 50 999 99.0 99.0  1.44  9.09  6.81  83 9999.0 999.0 999.0 999.0 99.0 99.00
2020 08 17 20 50 999 99.0 99.0  1.29 10.00  6.71  75 9999.0 999.0 999.0 999.0 99.0 99.00
2020 08 17 21 50 999 99.0 99.0  1.41  9.09  6.72  69 9999.0 999.0 999.0 999.0 99.0 99.00
2020 08 17 22 50 999 99.0 99.0  1.41 10.00  6.65  67 9999.0 999.0 999.0 999.0 99.0 99.00
2020 08 17 23 50 999 99.0 99.0  1.37 10.00  6.10  74 9999.0 999.0 999.0 999.0 99.0 99.00
2020 08 18 00 50 999 99.0 99.0  1.38  9.09  6.22  67 9999.0 999.0 999.0 999.0 99.0 99.00
2020 08 18 01 50 999 99.0 99.0  1.30  8.33  6.34  74 9999.0 999.0 999.0 999.0 99.0 99.00
2020 08 18 02 50 999 99.0 99.0  1.21  9.09  6.33  79 9999.0 999.0 999.0 999.0 99.0 99.00
2020 08 18 03 50 999 99.0 99.0  1.32  9.09  6.55  90 9999.0 999.0 999.0 999.0 99.0 99.00
2020 08 18 04 50 999 99.0 99.0  1.18  8.33  5.80  78 9999.0 999.0 999.0 999.0 99.0 99.00
2020 08 18 05 50 999 99.0 99.0  1.20  8.33  5.77  93 9999.0 999.0 999.0 999.0 99.0 99.00
2020 08 18 06 50 999 99.0 99.0  1.17  8.33  5.69  96 9999.0 999.0 999.0 999.0 99.0 99.00
2020 08 18 07 50 999 99.0 99.0  1.18  8.33  5.27 103 9999.0 999.0 999.0 999.0 99.0 99.00
2020 08 18 08 50 999 99.0 99.0  1.15 10.81  5.08  96 9999.0 999.0 999.0 999.0 99.0 99.00
2020 08 18 09 50 999 99.0 99.0  1.15  9.09  5.18 104 9999.0 999.0 999.0 999.0 99.0 99.00
2020 08 18 10 50 999 99.0 99.0  1.12 10.00  5.66  89 9999.0 999.0 999.0 999.0 99.0 99.00
2020 08 18 11 50 999 99.0 99.0  1.01 10.00  6.07  96 9999.0 999.0 999.0 999.0 99.0 99.00
2020 08 18 12 50 999 99.0 99.0  0.94 10.00  6.06  98 9999.0 999.0 999.0 999.0 99.0 99.00
2020 08 18 13 50 999 99.0 99.0  0.97 12.12  6.58 138 9999.0 999.0 999.0 999.0 99.0 99.00
2020 08 18 14 50 999 99.0 99.0  0.94 10.00  6.43 100 9999.0 999.0 999.0 999.0 99.0 99.00
2020 08 18 15 50 999 99.0 99.0  0.90 11.43  6.65 129 9999.0 999.0 999.0 999.0 99.0 99.00
2020 08 18 16 50 999 99.0 99.0  1.08  9.09  7.46 106 9999.0 999.0 999.0 999.0 99.0 99.00
2020 08 18 17 50 999 99.0 99.0  1.01 10.00  7.27  76 9999.0 999.0 999.0 999.0 99.0 99.00
2020 08 18 18 50 999 99.0 99.0  1.14 10.81  7.32 115 9999.0 999.0 999.0 999.0 99.0 99.00
2020 08 18 19 50 999 99.0 99.0  1.10 10.81  7.35 136 9999.0 999.0 999.0 999.0 99.0 99.00
2020 08 18 20 50 999 99.0 99.0  1.05 10.00  7.16 119 9999.0 999.0 999.0 999.0 99.0 99.00
2020 08 18 21 50 999 99.0 99.0  0.91 10.00  6.83  94 9999.0 999.0 999.0 999.0 99.0 99.00
2020 08 18 22 50 999 99.0 99.0  0.97 10.81  7.13 122 9999.0 999.0 999.0 999.0 99.0 99.00
2020 08 18 23 50 999 99.0 99.0  0.89 10.81  6.71 163 9999.0 999.0 999.0 999.0 99.0 99.00
2020 08 19 00 50 999 99.0 99.0  0.89 10.00  6.11  97 9999.0 999.0 999.0 999.0 99.0 99.00
2020 08 19 01 50 999 99.0 99.0  0.83 10.81  5.95 111 9999.0 999.0 999.0 999.0 99.0 99.00
2020 08 19 02 50 999 99.0 99.0  0.86 10.00  6.02  85 9999.0 999.0 999.0 999.0 99.0 99.00
2020 08 19 03 50 999 99.0 99.0  0.87 10.81  6.39 118 9999.0 999.0 999.0 999.0 99.0 99.00
2020 08 19 04 50 999 99.0 99.0  0.82 10.00  6.49 111 9999.0 999.0 999.0 999.0 99.0 99.00
2020 08 19 05 50 999 99.0 99.0  0.82 10.00  6.99 121 9999.0 999.0 999.0 999.0 99.0 99.00
2020 08 19 06 50 999 99.0 99.0  0.75 10.00  6.88 113 9999.0 999.0 999.0 999.0 99.0 99.00
2020 08 19 07 50 999 99.0 99.0  0.71 10.00  6.85 135 9999.0 999.0 999.0 999.0 99.0 99.00
2020 08 19 08 50 999 99.0 99.0  0.78 10.00  6.90 139 9999.0 999.0 999.0 999.0 99.0 99.00
2020 08 19 09 50 999 99.0 99.0  0.74  9.09  6.73 124 9999.0 999.0 999.0 999.0 99.0 99.00
2020 08 19 10 50 999 99.0 99.0  0.73 10.00  6.89 108 9999.0 999.0 999.0 999.0 99.0 99.00
2020 08 19 11 50 999 99.0 99.0  0.68  9.09  7.06  89 9999.0 999.0 999.0 999.0 99.0 99.00
2020 08 19 12 50 999 99.0 99.0  0.73 10.00  7.13  83 9999.0 999.0 999.0 999.0 99.0 99.00
2020 08 19 13 50 999 99.0 99.0  0.69  9.09  6.83 110 9999.0 999.0 999.0 999.0 99.0 99.00
2020 08 19 14 50 999 99.0 99.0  0.69 10.00  6.81 142 9999.0 999.0 999.0 999.0 99.0 99.00
2020 08 19 15 50 999 99.0 99.0  0.79  9.09  4.92 137 9999.0 999.0 999.0 999.0 99.0 99.00
2020 08 19 16 50 999 99.0 99.0  0.87  9.09  4.27 123 9999.0 999.0 999.0 999.0 99.0 99.00
2020 08 19 17 50 999 99.0 99.0  0.84  9.09  4.97 111 9999.0 999.0 999.0 999.0 99.0 99.00
2020 08 19 18 50 999 99.0 99.0  0.84 10.00  5.84 101 9999.0 999.0 999.0 999.0 99.0 99.00
2020 08 19 19 50 999 99.0 99.0  0.73  8.33  6.04 101 9999.0 999.0 999.0 999.0 99.0 99.00
2020 08 19 20 50 999 99.0 99.0  0.74  8.33  6.59 127 9999.0 999.0 999.0 999.0 99.0 99.00
2020 08 19 21 50 999 99.0 99.0  0.76  9.09  6.86 121 9999.0 999.0 999.0 999.0 99.0 99.00
2020 08 19 22 50 999 99.0 99.0  0.73  8.33  7.10 119 9999.0 999.0 999.0 999.0 99.0 99.00
2020 08 19 23 50 999 99.0 99.0  0.67  9.09  6.57 130 9999.0 999.0 999.0 999.0 99.0 99.00
2020 08 20 00 50 999 99.0 99.0  0.76  9.09  7.27  93 9999.0 999.0 999.0 999.0 99.0 99.00
2020 08 20 01 50 999 99.0 99.0  0.65  9.09  7.00  73 9999.0 999.0 999.0 999.0 99.0 99.00
2020 08 20 02 50 999 99.0 99.0  0.73 10.00  6.92  96 9999.0 999.0 999.0 999.0 99.0 99.00
2020 08 20 03 50 999 99.0 99.0  0.62  9.09  7.20  98 9999.0 999.0 999.0 999.0 99.0 99.00
2020 08 20 04 50 999 99.0 99.0  0.60  9.09  7.43 109 9999.0 999.0 999.0 999.0 99.0 99.00
2020 08 20 05 50 999 99.0 99.0  0.61  9.09  7.37 118 9999.0 999.0 999.0 999.0 99.0 99.00
2020 08 20 06 50 999 99.0 99.0  0.65  9.09  7.22 122 9999.0 999.0 999.0 999.0 99.0 99.00
2020 08 20 07 50 999 99.0 99.0  0.68  9.09  7.30 115 9999.0 999.0 999.0 999.0 99.0 99.00
2020 08 20 08 50 999 99.0 99.0  0.62  9.09  6.86 107 9999.0 999.0 999.0 999.0 99.0 99.00
2020 08 20 09 50 999 99.0 99.0  0.62  8.33  6.18 118 9999.0 999.0 999.0 999.0 99.0 99.00
2020 08 20 10 50 999 99.0 99.0  0.62  8.33  5.69 133 9999.0 999.0 999.0 999.0 99.0 99.00
2020 08 20 11 50 999 99.0 99.0  0.73  7.69  4.93 135 9999.0 999.0 999.0 999.0 99.0 99.00
2020 08 20 12 50 999 99.0 99.0  0.74  8.33  4.47 113 9999.0 999.0 999.0 999.0 99.0 99.00
2020 08 20 13 50 999 99.0 99.0  0.76  7.69  4.11 135 9999.0 999.0 999.0 999.0 99.0 99.00
2020 08 20 14 50 999 99.0 99.0  0.75  8.33  4.18  95 9999.0 999.0 999.0 999.0 99.0 99.00
2020 08 20 15 50 999 99.0 99.0  0.77  8.33  4.21 137 9999.0 999.0 999.0 999.0 99.0 99.00
2020 08 20 16 50 999 99.0 99.0  0.81  7.69  4.62 126 9999.0 999.0 999.0 999.0 99.0 99.00
2020 08 20 17 50 999 99.0 99.0  0.78  8.33  4.54 150 9999.0 999.0 999.0 999.0 99.0 99.00
2020 08 20 18 50 999 99.0 99.0  0.76  7.69  4.72 133 9999.0 999.0 999.0 999.0 99.0 99.00
2020 08 20 19 50 999 99.0 99.0  0.82  9.09  4.79 120 9999.0 999.0 999.0 999.0 99.0 99.00
2020 08 20 20 50 999 99.0 99.0  0.71  8.33  4.68 116 9999.0 999.0 999.0 999.0 99.0 99.00
2020 08 20 21 50 999 99.0 99.0  0.73  9.09  4.93 107 9999.0 999.0 999.0 999.0 99.0 99.00
2020 08 20 22 50 999 99.0 99.0  0.71  7.14  4.72 122 9999.0 999.0 999.0 999.0 99.0 99.00
2020 08 20 23 50 999 99.0 99.0  0.68  7.69  4.75 113 9999.0 999.0 999.0 999.0 99.0 99.00
2020 08 21 00 50 999 99.0 99.0  0.67  7.69  4.88  96 9999.0 999.0 999.0 999.0 99.0 99.00
2020 08 21 01 50 999 99.0 99.0  0.63  7.69  4.60 116 9999.0 999.0 999.0 999.0 99.0 99.00
2020 08 21 02 50 999 99.0 99.0  0.63  7.69  4.58  94 9999.0 999.0 999.0 999.0 99.0 99.00
2020 08 21 03 50 999 99.0 99.0  0.62  8.33  4.45 111 9999.0 999.0 999.0 999.0 99.0 99.00
2020 08 21 04 50 999 99.0 99.0  0.63  8.33  4.53 106 9999.0 999.0 999.0 999.0 99.0 99.00
2020 08 21 05 50 999 99.0 99.0  0.62  7.69  4.63 115 9999.0 999.0 999.0 999.0 99.0 99.00
2020 08 21 06 50 999 99.0 99.0  0.61  9.09  4.92 127 9999.0 999.0 999.0 999.0 99.0 99.00
2020 08 21 07 50 999 99.0 99.0  0.66  9.09  5.25 111 9999.0 999.0 999.0 999.0 99.0 99.00
2020 08 21 08 50 999 99.0 99.0  0.66  8.33  5.21 139 9999.0 999.0 999.0 999.0 99.0 99.00
2020 08 21 09 50 999 99.0 99.0  0.67  8.33  4.99 110 9999.0 999.0 999.0 999.0 99.0 99.00
2020 08 21 10 50 999 99.0 99.0  0.63  7.69  5.06 125 9999.0 999.0 999.0 999.0 99.0 99.00
2020 08 21 11 50 999 99.0 99.0  0.65  7.69  5.24 128 9999.0 999.0 999.0 999.0 99.0 99.00
2020 08 21 12 50 999 99.0 99.0  0.60  8.33  5.14 144 9999.0 999.0 999.0 999.0 99.0 99.00
2020 08 21 13 50 999 99.0 99.0  0.56  9.09  5.14 118 9999.0 999.0 999.0 999.0 99.0 99.00
2020 08 21 14 50 999 99.0 99.0  0.62 10.00  5.22 132 9999.0 999.0 999.0 999.0 99.0 99.00
2020 08 21 15 50 999 99.0 99.0  0.56  9.09  5.66 124 9999.0 999.0 999.0 999.0 99.0 99.00
2020 08 21 16 50 999 99.0 99.0  0.58  9.09  6.03 117 9999.0 999.0 999.0 999.0 99.0 99.00
2020 08 21 17 50 999 99.0 99.0  0.53 10.00  5.87 104 9999.0 999.0 999.0 999.0 99.0 99.00
2020 08 21 18 50 999 99.0 99.0  0.52  8.33  6.01 101 9999.0 999.0 999.0 999.0 99.0 99.00
2020 08 21 19 50 999 99.0 99.0  0.56 10.00  5.38 114 9999.0 999.0 999.0 999.0 99.0 99.00
2020 08 21 20 50 999 99.0 99.0  0.48  8.33  5.62  98 9999.0 999.0 999.0 999.0 99.0 99.00
2020 08 21 21 50 999 99.0 99.0  0.56 10.00  5.20  68 9999.0 999.0 999.0 999.0 99.0 99.00
2020 08 21 22 50 999 99.0 99.0  0.59  9.09  4.87 127 9999.0 999.0 999.0 999.0 99.0 99.00
2020 08 21 23 50 999 99.0 99.0  0.60  8.33  4.21 146 9999.0 999.0 999.0 999.0 99.0 99.00
2020 08 22 00 50 999 99.0 99.0  0.58  8.33  4.54 111 9999.0 999.0 999.0 999.0 99.0 99.00
2020 08 22 01 50 999 99.0 99.0  0.62  8.33  3.93 113 9999.0 999.0 999.0 999.0 99.0 99.00
2020 08 22 02 50 999 99.0 99.0  0.59 10.00  4.33 143 9999.0 999.0 999.0 999.0 99.0 99.00
2020 08 22 03 50 999 99.0 99.0  0.59  8.33  4.61 117 9999.0 999.0 999.0 999.0 99.0 99.00
2020 08 22 04 50 999 99.0 99.0  0.57  9.09  4.91 118 9999.0 999.0 999.0 999.0 99.0 99.00
2020 08 22 05 50 999 99.0 99.0  0.57  9.09  5.21 137 9999.0 999.0 999.0 999.0 99.0 99.00
2020 08 22 06 50 999 99.0 99.0  0.59  9.09  5.39 136 9999.0 999.0 999.0 999.0 99.0 99.00
2020 08 22 07 50 999 99.0 99.0  0.58 10.00  5.76 143 9999.0 999.0 999.0 999.0 99.0 99.00
2020 08 22 08 50 999 99.0 99.0  0.62  9.09  6.00 137 9999.0 999.0 999.0 999.0 99.0 99.00
2020 08 22 09 50 999 99.0 99.0  0.61  8.33  5.66 115 9999.0 999.0 999.0 999.0 99.0 99.00
2020 08 22 10 50 999 99.0 99.0  0.60  9.09  5.83 141 9999.0 999.0 999.0 999.0 99.0 99.00
2020 08 22 11 50 999 99.0 99.0  0.53  8.33  5.55 126 9999.0 999.0 999.0 999.0 99.0 99.00
2020 08 22 12 50 999 99.0 99.0  0.52  9.09  5.54 135 9999.0 999.0 999.0 999.0 99.0 99.00
2020 08 22 13 50 999 99.0 99.0  0.53 10.00  5.26 151 9999.0 999.0 999.0 999.0 99.0 99.00
2020 08 22 14 50 999 99.0 99.0  0.49  9.09  5.63 134 9999.0 999.0 999.0 999.0 99.0 99.00
2020 08 22 15 50 999 99.0 99.0  0.47 10.00  5.69  91 9999.0 999.0 999.0 999.0 99.0 99.00
2020 08 22 16 50 999 99.0 99.0  0.48  9.09  5.96  95 9999.0 999.0 999.0 999.0 99.0 99.00
2020 08 22 17 50 999 99.0 99.0  0.46  9.09  5.90 131 9999.0 999.0 999.0 999.0 99.0 99.00
2020 08 22 18 50 999 99.0 99.0  0.48  9.09  6.32 128 9999.0 999.0 999.0 999.0 99.0 99.00
2020 08 22 19 50 999 99.0 99.0  0.49  9.09  5.38  96 9999.0 999.0 999.0 999.0 99.0 99.00
2020 08 22 20 50 999 99.0 99.0  0.55  9.09  5.04 106 9999.0 999.0 999.0 999.0 99.0 99.00
2020 08 22 21 50 999 99.0 99.0  0.53  7.69  5.18 108 9999.0 999.0 999.0 999.0 99.0 99.00
2020 08 22 22 50 999 99.0 99.0  0.58  9.09  6.01 118 9999.0 999.0 999.0 999.0 99.0 99.00
2020 08 22 23 50 999 99.0 99.0  0.53  7.69  5.70 138 9999.0 999.0 999.0 999.0 99.0 99.00
2020 08 23 00 50 999 99.0 99.0  0.58  9.09  5.57 123 9999.0 999.0 999.0 999.0 99.0 99.00
2020 08 23 01 50 999 99.0 99.0  0.53  9.09  5.32 101 9999.0 999.0 999.0 999.0 99.0 99.00
2020 08 23 02 50 999 99.0 99.0  0.49  9.09  5.64 103 9999.0 999.0 999.0 999.0 99.0 99.00
2020 08 23 03 50 999 99.0 99.0  0.49 10.00  6.06 111 9999.0 999.0 999.0 999.0 99.0 99.00
2020 08 23 04 50 999 99.0 99.0  0.48  9.09  6.55 132 9999.0 999.0 999.0 999.0 99.0 99.00
2020 08 23 05 50 999 99.0 99.0  0.41 10.00  6.13  94 9999.0 999.0 999.0 999.0 99.0 99.00
2020 08 23 06 50 999 99.0 99.0  0.42 10.81  6.32 120 9999.0 999.0 999.0 999.0 99.0 99.00
2020 08 23 07 50 999 99.0 99.0  0.43 10.81  6.43 104 9999.0 999.0 999.0 999.0 99.0 99.00
2020 08 23 08 50 999 99.0 99.0  0.41  9.09  6.12 120 9999.0 999.0 999.0 999.0 99.0 99.00
2020 08 23 09 50 999 99.0 99.0  0.44  9.09  6.47 133 9999.0 999.0 999.0 999.0 99.0 99.00
2020 08 23 10 50 999 99.0 99.0  0.41  9.09  5.82 155 9999.0 999.0 999.0 999.0 99.0 99.00
2020 08 23 11 50 999 99.0 99.0  0.44 10.00  6.03 111 9999.0 999.0 999.0 999.0 99.0 99.00
2020 08 23 12 50 999 99.0 99.0  0.44 10.00  5.72  80 9999.0 999.0 999.0 999.0 99.0 99.00
2020 08 23 13 50 999 99.0 99.0  0.46 10.00  5.46 126 9999.0 999.0 999.0 999.0 99.0 99.00
2020 08 23 14 50 999 99.0 99.0  0.46 10.00  5.99  97 9999.0 999.0 999.0 999.0 99.0 99.00
2020 08 23 15 50 999 99.0 99.0  0.47 10.00  6.03 102 9999.0 999.0 999.0 999.0 99.0 99.00
2020 08 23 16 50 999 99.0 99.0  0.42 10.00  5.87 127 9999.0 999.0 999.0 999.0 99.0 99.00
2020 08 23 17 50 999 99.0 99.0  0.49 10.00  6.02  81 9999.0 999.0 999.0 999.0 99.0 99.00
2020 08 23 18 50 999 99.0 99.0  0.48  9.09  5.82 103 9999.0 999.0 999.0 999.0 99.0 99.00
2020 08 23 19 50 999 99.0 99.0  0.49  9.09  5.35  97 9999.0 999.0 999.0 999.0 99.0 99.00
2020 08 23 20 50 999 99.0 99.0  0.45 10.00  4.66 124 9999.0 999.0 999.0 999.0 99.0 99.00
2020 08 23 21 50 999 99.0 99.0  0.53 10.00  3.84 116 9999.0 999.0 999.0 999.0 99.0 99.00
2020 08 23 22 50 999 99.0 99.0  0.70  3.45  3.63 198 9999.0 999.0 999.0 999.0 99.0 99.00
2020 08 23 23 50 999 99.0 99.0  0.71  3.70  3.75 197 9999.0 999.0 999.0 999.0 99.0 99.00
2020 08 24 00 50 999 99.0 99.0  0.68  4.00  3.85 192 9999.0 999.0 999.0 999.0 99.0 99.00
2020 08 24 01 50 999 99.0 99.0  0.67  3.57  3.99 200 9999.0 999.0 999.0 999.0 99.0 99.00
2020 08 24 02 50 999 99.0 99.0  0.67  9.09  4.10 137 9999.0 999.0 999.0 999.0 99.0 99.00
2020 08 24 03 50 999 99.0 99.0  0.63  4.17  4.16 184 9999.0 999.0 999.0 999.0 99.0 99.00
2020 08 24 04 50 999 99.0 99.0  0.59  9.09  4.41 183 9999.0 999.0 999.0 999.0 99.0 99.00
2020 08 24 05 50 999 99.0 99.0  0.55 10.00  4.45 136 9999.0 999.0 999.0 999.0 99.0 99.00
2020 08 24 06 50 999 99.0 99.0  0.49 10.00  4.32 131 9999.0 999.0 999.0 999.0 99.0 99.00
2020 08 24 07 50 999 99.0 99.0  0.51 10.00  4.35 154 9999.0 999.0 999.0 999.0 99.0 99.00
2020 08 24 08 50 999 99.0 99.0  0.53  9.09  4.02 136 9999.0 999.0 999.0 999.0 99.0 99.00
2020 08 24 09 50 999 99.0 99.0  0.56  9.09  4.12 125 9999.0 999.0 999.0 999.0 99.0 99.00
2020 08 24 10 50 999 99.0 99.0  0.63  9.09  4.22 143 9999.0 999.0 999.0 999.0 99.0 99.00
2020 08 24 11 50 999 99.0 99.0  0.72  9.09  4.59 127 9999.0 999.0 999.0 999.0 99.0 99.00
2020 08 24 12 50 999 99.0 99.0  0.76  4.55  4.20 180 9999.0 999.0 999.0 999.0 99.0 99.00
2020 08 24 13 50 999 99.0 99.0  0.78  8.33  4.04 140 9999.0 999.0 999.0 999.0 99.0 99.00
2020 08 24 14 50 999 99.0 99.0  0.73  4.35  4.08 189 9999.0 999.0 999.0 999.0 99.0 99.00
2020 08 24 15 50 999 99.0 99.0  0.75  4.35  4.31 183 9999.0 999.0 999.0 999.0 99.0 99.00
2020 08 24 16 50 999 99.0 99.0  0.73  9.09  4.17 153 9999.0 999.0 999.0 999.0 99.0 99.00
2020 08 24 17 50 999 99.0 99.0  0.74  9.09  4.02 181 9999.0 999.0 999.0 999.0 99.0 99.00
2020 08 24 18 50 999 99.0 99.0  0.80  4.55  3.92 188 9999.0 999.0 999.0 999.0 99.0 99.00
2020 08 24 19 50 999 99.0 99.0  0.87  4.55  4.03 185 9999.0 999.0 999.0 999.0 99.0 99.00
2020 08 24 20 50 999 99.0 99.0  0.88  4.76  3.99 183 9999.0 999.0 999.0 999.0 99.0 99.00
2020 08 24 21 50 999 99.0 99.0  0.88  5.26  4.19 165 9999.0 999.0 999.0 999.0 99.0 99.00
2020 08 24 22 50 999 99.0 99.0  0.89  4.76  4.14 189 9999.0 999.0 999.0 999.0 99.0 99.00
2020 08 24 23 50 999 99.0 99.0  0.80  5.00  4.24 187 9999.0 999.0 999.0 999.0 99.0 99.00
2020 08 25 00 50 999 99.0 99.0  0.80  5.26  4.29 188 9999.0 999.0 999.0 999.0 99.0 99.00
2020 08 25 01 50 999 99.0 99.0  0.77  4.76  4.37 192 9999.0 999.0 999.0 999.0 99.0 99.00
2020 08 25 02 50 999 99.0 99.0  0.74  4.55  4.46 193 9999.0 999.0 999.0 999.0 99.0 99.00
2020 08 25 03 50 999 99.0 99.0  0.74  9.09  4.42 137 9999.0 999.0 999.0 999.0 99.0 99.00
2020 08 25 04 50 999 99.0 99.0  0.74  9.09  4.26 170 9999.0 999.0 999.0 999.0 99.0 99.00
2020 08 25 05 50 999 99.0 99.0  0.74 10.00  4.45 123 9999.0 999.0 999.0 999.0 99.0 99.00
2020 08 25 06 50 999 99.0 99.0  0.87  9.09  4.35 150 9999.0 999.0 999.0 999.0 99.0 99.00
2020 08 25 07 50 999 99.0 99.0  0.82  5.00  4.36 200 9999.0 999.0 999.0 999.0 99.0 99.00
2020 08 25 08 50 999 99.0 99.0  0.82  5.26  4.40 193 9999.0 999.0 999.0 999.0 99.0 99.00
2020 08 25 09 50 999 99.0 99.0  0.79 10.00  4.58 118 9999.0 999.0 999.0 999.0 99.0 99.00
2020 08 25 10 50 999 99.0 99.0  0.83  9.09  4.64 146 9999.0 999.0 999.0 999.0 99.0 99.00
2020 08 25 11 50 999 99.0 99.0  0.80 10.00  4.57 111 9999.0 999.0 999.0 999.0 99.0 99.00
2020 08 25 12 50 999 99.0 99.0  0.78  5.00  4.23 200 9999.0 999.0 999.0 999.0 99.0 99.00
2020 08 25 13 50 999 99.0 99.0  0.75 10.00  4.14 135 9999.0 999.0 999.0 999.0 99.0 99.00
2020 08 25 14 50 999 99.0 99.0  0.81  4.76  4.21 201 9999.0 999.0 999.0 999.0 99.0 99.00
2020 08 25 15 50 999 99.0 99.0  0.76 10.00  4.46 161 9999.0 999.0 999.0 999.0 99.0 99.00
2020 08 25 16 50 999 99.0 99.0  0.72 10.00  4.62 156 9999.0 999.0 999.0 999.0 99.0 99.00
2020 08 25 17 50 999 99.0 99.0  0.69 10.00  4.54 128 9999.0 999.0 999.0 999.0 99.0 99.00
2020 08 25 18 50 999 99.0 99.0  0.65 10.00  4.81 106 9999.0 999.0 999.0 999.0 99.0 99.00
2020 08 25 19 50 999 99.0 99.0  0.65 10.00  4.64 131 9999.0 999.0 999.0 999.0 99.0 99.00
2020 08 25 20 50 999 99.0 99.0  0.71 10.00  4.64 148 9999.0 999.0 999.0 999.0 99.0 99.00
2020 08 25 21 50 999 99.0 99.0  0.70 13.79  4.10  99 9999.0 999.0 999.0 999.0 99.0 99.00
2020 08 25 22 50 999 99.0 99.0  0.70 13.79  4.47 121 9999.0 999.0 999.0 999.0 99.0 99.00
2020 08 25 23 50 999 99.0 99.0  0.68 12.90  4.30  78 9999.0 999.0 999.0 999.0 99.0 99.00
2020 08 26 00 50 999 99.0 99.0  0.73 12.90  4.31 225 9999.0 999.0 999.0 999.0 99.0 99.00
2020 08 26 01 50 999 99.0 99.0  0.70  9.09  4.29 133 9999.0 999.0 999.0 999.0 99.0 99.00
2020 08 26 02 50 999 99.0 99.0  0.77  9.09  4.03 131 9999.0 999.0 999.0 999.0 99.0 99.00
2020 08 26 03 50 999 99.0 99.0  0.92  3.70  3.85 248 9999.0 999.0 999.0 999.0 99.0 99.00
2020 08 26 04 50 999 99.0 99.0  0.91  3.70  3.95 279 9999.0 999.0 999.0 999.0 99.0 99.00
2020 08 26 05 50 999 99.0 99.0  0.90  3.85  4.06 280 9999.0 999.0 999.0 999.0 99.0 99.00
2020 08 26 06 50 999 99.0 99.0  0.86  9.09  3.94 146 9999.0 999.0 999.0 999.0 99.0 99.00
2020 08 26 07 50 999 99.0 99.0  0.86  3.70  3.81 334 9999.0 999.0 999.0 999.0 99.0 99.00
2020 08 26 08 50 999 99.0 99.0  0.86  3.70  3.96  10 9999.0 999.0 999.0 999.0 99.0 99.00
2020 08 26 09 50 999 99.0 99.0  0.83  4.17  4.00  29 9999.0 999.0 999.0 999.0 99.0 99.00
2020 08 26 10 50 999 99.0 99.0  0.89  4.35  4.15  35 9999.0 999.0 999.0 999.0 99.0 99.00
2020 08 26 11 50 999 99.0 99.0  0.84  4.35  4.28  25 9999.0 999.0 999.0 999.0 99.0 99.00
2020 08 26 12 50 999 99.0 99.0  0.78  4.76  4.37  45 9999.0 999.0 999.0 999.0 99.0 99.00
2020 08 26 13 50 999 99.0 99.0  0.76  4.76  4.26  53 9999.0 999.0 999.0 999.0 99.0 99.00
2020 08 26 14 50 999 99.0 99.0  0.79  5.26  4.31  55 9999.0 999.0 999.0 999.0 99.0 99.00
2020 08 26 15 50 999 99.0 99.0  0.83  5.26  4.29  55 9999.0 999.0 999.0 999.0 99.0 99.00
2020 08 26 16 50 999 99.0 99.0  0.92  4.00  4.38   3 9999.0 999.0 999.0 999.0 99.0 99.00
2020 08 26 17 50 999 99.0 99.0  0.83  5.00  4.38  43 9999.0 999.0 999.0 999.0 99.0 99.00
2020 08 26 18 50 999 99.0 99.0  0.80  4.00  4.30  27 9999.0 999.0 999.0 999.0 99.0 99.00
2020 08 26 19 50 999 99.0 99.0  0.75  4.76  4.32  48 9999.0 999.0 999.0 999.0 99.0 99.00
2020 08 26 20 50 999 99.0 99.0  0.68  4.76  4.27  42 9999.0 999.0 999.0 999.0 99.0 99.00
2020 08 26 21 50 999 99.0 99.0  0.60  9.09  4.44 145 9999.0 999.0 999.0 999.0 99.0 99.00
2020 08 26 22 50 999 99.0 99.0  0.54 11.43  4.51  49 9999.0 999.0 999.0 999.0 99.0 99.00
2020 08 26 23 50 999 99.0 99.0  0.50  8.33  4.80 146 9999.0 999.0 999.0 999.0 99.0 99.00
2020 08 27 00 50 999 99.0 99.0  0.49 11.43  5.01  91 9999.0 999.0 999.0 999.0 99.0 99.00
2020 08 27 01 50 999 99.0 99.0  0.51 12.90  5.39 102 9999.0 999.0 999.0 999.0 99.0 99.00
2020 08 27 02 50 999 99.0 99.0  0.55 12.12  5.30 101 9999.0 999.0 999.0 999.0 99.0 99.00
2020 08 27 03 50 999 99.0 99.0  0.54 10.00  4.82 135 9999.0 999.0 999.0 999.0 99.0 99.00
2020 08 27 04 50 999 99.0 99.0  0.61 11.43  4.15 139 9999.0 999.0 999.0 999.0 99.0 99.00
2020 08 27 05 50 999 99.0 99.0  0.62  8.33  3.89 138 9999.0 999.0 999.0 999.0 99.0 99.00
2020 08 27 06 50 999 99.0 99.0  0.66  8.33  3.89 130 9999.0 999.0 999.0 999.0 99.0 99.00
2020 08 27 07 50 999 99.0 99.0  0.72 11.43  3.92 128 9999.0 999.0 999.0 999.0 99.0 99.00
2020 08 27 08 50 999 99.0 99.0  0.70  3.45  3.61 230 9999.0 999.0 999.0 999.0 99.0 99.00
2020 08 27 09 50 999 99.0 99.0  0.65  3.57  3.61 227 9999.0 999.0 999.0 999.0 99.0 99.00
2020 08 27 10 50 999 99.0 99.0  0.63  8.33  3.53 156 9999.0 999.0 999.0 999.0 99.0 99.00
2020 08 27 11 50 999 99.0 99.0  0.66  3.85  3.58 215 9999.0 999.0 999.0 999.0 99.0 99.00
2020 08 27 12 50 999 99.0 99.0  0.65  3.85  3.69 220 9999.0 999.0 999.0 999.0 99.0 99.00
2020 08 27 13 50 999 99.0 99.0  0.69  4.17  3.65 214 9999.0 999.0 999.0 999.0 99.0 99.00
2020 08 27 14 50 999 99.0 99.0  0.65  4.35  3.96 206 9999.0 999.0 999.0 999.0 99.0 99.00
2020 08 27 15 50 999 99.0 99.0  0.69  4.35  3.92 199 9999.0 999.0 999.0 999.0 99.0 99.00
2020 08 27 16 50 999 99.0 99.0  0.64  4.55  4.04 194 9999.0 999.0 999.0 999.0 99.0 99.00
2020 08 27 17 50 999 99.0 99.0  0.72  5.00  3.81 196 9999.0 999.0 999.0 999.0 99.0 99.00
2020 08 27 18 50 999 99.0 99.0  0.81  5.00  3.90 199 9999.0 999.0 999.0 999.0 99.0 99.00
2020 08 27 19 50 999 99.0 99.0  0.87  4.55  3.97 199 9999.0 999.0 999.0 999.0 99.0 99.00
2020 08 27 20 50 999 99.0 99.0  0.86  4.76  3.81 202 9999.0 999.0 999.0 999.0 99.0 99.00
2020 08 27 21 50 999 99.0 99.0  0.85  4.17  3.93 206 9999.0 999.0 999.0 999.0 99.0 99.00
2020 08 27 22 50 999 99.0 99.0  0.78  3.85  3.82 209 9999.0 999.0 999.0 999.0 99.0 99.00
2020 08 27 23 50 999 99.0 99.0  0.72  4.76  3.71 202 9999.0 999.0 999.0 999.0 99.0 99.00
2020 08 28 00 50 999 99.0 99.0  0.71  5.26  3.85 189 9999.0 999.0 999.0 999.0 99.0 99.00
2020 08 28 01 50 999 99.0 99.0  0.67  5.26  3.93 196 9999.0 999.0 999.0 999.0 99.0 99.00
2020 08 28 02 50 999 99.0 99.0  0.68  5.00  3.75 195 9999.0 999.0 999.0 999.0 99.0 99.00
2020 08 28 03 50 999 99.0 99.0  0.75  3.33  3.67 235 9999.0 999.0 999.0 999.0 99.0 99.00
2020 08 28 04 50 999 99.0 99.0  0.77  5.00  3.73 189 9999.0 999.0 999.0 999.0 99.0 99.00
2020 08 28 05 50 999 99.0 99.0  0.81  5.00  3.93 188 9999.0 999.0 999.0 999.0 99.0 99.00
2020 08 28 06 50 999 99.0 99.0  0.88  4.76  4.07 187 9999.0 999.0 999.0 999.0 99.0 99.00
2020 08 28 07 50 999 99.0 99.0  0.91  5.26  4.27 186 9999.0 999.0 999.0 999.0 99.0 99.00
2020 08 28 08 50 999 99.0 99.0  0.87  5.56  4.20 175 9999.0 999.0 999.0 999.0 99.0 99.00
2020 08 28 09 50 999 99.0 99.0  0.95  5.88  4.44 176 9999.0 999.0 999.0 999.0 99.0 99.00
2020 08 28 10 50 999 99.0 99.0  0.95  5.56  4.45 182 9999.0 999.0 999.0 999.0 99.0 99.00
2020 08 28 11 50 999 99.0 99.0  0.88  6.25  4.46 169 9999.0 999.0 999.0 999.0 99.0 99.00
2020 08 28 12 50 999 99.0 99.0  0.82  5.88  4.18 175 9999.0 999.0 999.0 999.0 99.0 99.00
2020 08 28 13 50 999 99.0 99.0  0.85  5.56  4.35 185 9999.0 999.0 999.0 999.0 99.0 99.00
2020 08 28 14 50 999 99.0 99.0  0.80  5.88  4.41 183 9999.0 999.0 999.0 999.0 99.0 99.00
2020 08 28 15 50 999 99.0 99.0  0.71  6.25  4.36 162 9999.0 999.0 999.0 999.0 99.0 99.00
2020 08 28 16 50 999 99.0 99.0  0.71  4.76  4.43 187 9999.0 999.0 999.0 999.0 99.0 99.00
2020 08 28 17 50 999 99.0 99.0  0.70  5.56  4.44 192 9999.0 999.0 999.0 999.0 99.0 99.00
2020 08 28 18 50 999 99.0 99.0  0.67  5.56  4.61 160 9999.0 999.0 999.0 999.0 99.0 99.00
2020 08 28 19 50 999 99.0 99.0  0.61  6.25  4.54 168 9999.0 999.0 999.0 999.0 99.0 99.00
2020 08 28 20 50 999 99.0 99.0  0.61  5.88  4.68 157 9999.0 999.0 999.0 999.0 99.0 99.00
2020 08 28 21 50 999 99.0 99.0  0.63  5.88  4.43 166 9999.0 999.0 999.0 999.0 99.0 99.00
2020 08 28 22 50 999 99.0 99.0  0.60  5.88  4.07 164 9999.0 999.0 999.0 999.0 99.0 99.00
2020 08 28 23 50 999 99.0 99.0  0.62  5.88  3.75 154 9999.0 999.0 999.0 999.0 99.0 99.00
2020 08 29 00 50 999 99.0 99.0  0.57  5.26  4.13 148 9999.0 999.0 999.0 999.0 99.0 99.00
2020 08 29 01 50 999 99.0 99.0  0.63  5.56  3.86 151 9999.0 999.0 999.0 999.0 99.0 99.00
2020 08 29 02 50 999 99.0 99.0  0.62  5.88  3.90 152 9999.0 999.0 999.0 999.0 99.0 99.00
2020 08 29 03 50 999 99.0 99.0  0.60  5.26  3.85 161 9999.0 999.0 999.0 999.0 99.0 99.00
2020 08 29 04 50 999 99.0 99.0  0.58  5.26  3.80 166 9999.0 999.0 999.0 999.0 99.0 99.00
2020 08 29 05 50 999 99.0 99.0  0.52  5.26  4.14 163 9999.0 999.0 999.0 999.0 99.0 99.00
2020 08 29 06 50 999 99.0 99.0  0.49  5.56  4.28 189 9999.0 999.0 999.0 999.0 99.0 99.00
2020 08 29 07 50 999 99.0 99.0  0.67  3.03  3.51 231 9999.0 999.0 999.0 999.0 99.0 99.00
2020 08 29 08 50 999 99.0 99.0  0.62  3.45  3.61 223 9999.0 999.0 999.0 999.0 99.0 99.00
2020 08 29 09 50 999 99.0 99.0  0.47  3.03  3.78 227 9999.0 999.0 999.0 999.0 99.0 99.00
2020 08 29 10 50 999 99.0 99.0  0.44  5.26  3.63 165 9999.0 999.0 999.0 999.0 99.0 99.00
2020 08 29 11 50 999 99.0 99.0  0.52 16.00  3.59  80 9999.0 999.0 999.0 999.0 99.0 99.00
2020 08 29 12 50 999 99.0 99.0  0.63  3.23  3.39 169 9999.0 999.0 999.0 999.0 99.0 99.00
2020 08 29 13 50 999 99.0 99.0  0.78  3.57  3.53 172 9999.0 999.0 999.0 999.0 99.0 99.00
2020 08 29 14 50 999 99.0 99.0  0.94  4.00  3.76 190 9999.0 999.0 999.0 999.0 99.0 99.00
2020 08 29 15 50 999 99.0 99.0  1.08  4.35  3.87 188 9999.0 999.0 999.0 999.0 99.0 99.00
2020 08 29 16 50 999 99.0 99.0  1.06  4.35  3.94 195 9999.0 999.0 999.0 999.0 99.0 99.00
2020 08 29 17 50 999 99.0 99.0  1.17  5.00  4.06 194 9999.0 999.0 999.0 999.0 99.0 99.00
2020 08 29 18 50 999 99.0 99.0  1.15  4.76  4.05 186 9999.0 999.0 999.0 999.0 99.0 99.00
2020 08 29 19 50 999 99.0 99.0  1.34  4.76  4.25 189 9999.0 999.0 999.0 999.0 99.0 99.00
2020 08 29 20 50 999 99.0 99.0  1.56  5.26  4.29 199 9999.0 999.0 999.0 999.0 99.0 99.00
2020 08 29 21 50 999 99.0 99.0  1.54  6.25  4.56 181 9999.0 999.0 999.0 999.0 99.0 99.00
2020 08 29 22 50 999 99.0 99.0  1.37  6.25  4.54 174 9999.0 999.0 999.0 999.0 99.0 99.00
2020 08 29 23 50 999 99.0 99.0  1.30  6.25  4.61 186 9999.0 999.0 999.0 999.0 99.0 99.00
2020 08 30 00 50 999 99.0 99.0  1.14  5.88  4.76 189 9999.0 999.0 999.0 999.0 99.0 99.00
2020 08 30 01 50 999 99.0 99.0  0.99  6.25  4.81 184 9999.0 999.0 999.0 999.0 99.0 99.00
2020 08 30 02 50 999 99.0 99.0  1.02  6.25  4.91 180 9999.0 999.0 999.0 999.0 99.0 99.00
2020 08 30 03 50 999 99.0 99.0  0.99  6.67  4.99 179 9999.0 999.0 999.0 999.0 99.0 99.00
2020 08 30 04 50 999 99.0 99.0  0.94  5.88  4.87 181 9999.0 999.0 999.0 999.0 99.0 99.00
2020 08 30 05 50 999 99.0 99.0  0.89  5.56  4.54 178 9999.0 999.0 999.0 999.0 99.0 99.00
2020 08 30 06 50 999 99.0 99.0  1.06  6.67  4.37 174 9999.0 999.0 999.0 999.0 99.0 99.00
2020 08 30 07 50 999 99.0 99.0  1.32  4.17  4.23 326 9999.0 999.0 999.0 999.0 99.0 99.00
2020 08 30 08 50 999 99.0 99.0  1.43  5.00  4.57 338 9999.0 999.0 999.0 999.0 99.0 99.00
2020 08 30 09 50 999 99.0 99.0  1.50  5.26  4.63 344 9999.0 999.0 999.0 999.0 99.0 99.00
2020 08 30 10 50 999 99.0 99.0  1.27  5.26  4.56 339 9999.0 999.0 999.0 999.0 99.0 99.00
2020 08 30 11 50 999 99.0 99.0  1.12  5.26  4.66 343 9999.0 999.0 999.0 999.0 99.0 99.00
2020 08 30 12 50 999 99.0 99.0  0.96  4.35  4.47 350 9999.0 999.0 999.0 999.0 99.0 99.00
2020 08 30 13 50 999 99.0 99.0  0.82  7.14  4.20 166 9999.0 999.0 999.0 999.0 99.0 99.00
2020 08 30 14 50 999 99.0 99.0  0.78  7.14  4.53 179 9999.0 999.0 999.0 999.0 99.0 99.00
2020 08 30 15 50 999 99.0 99.0  0.77  7.69  4.49 174 9999.0 999.0 999.0 999.0 99.0 99.00
2020 08 30 16 50 999 99.0 99.0  0.81  7.14  4.36 174 9999.0 999.0 999.0 999.0 99.0 99.00
2020 08 30 17 50 999 99.0 99.0  0.88  7.69  4.47 175 9999.0 999.0 999.0 999.0 99.0 99.00
2020 08 30 18 50 999 99.0 99.0  0.83  7.69  4.41 171 9999.0 999.0 999.0 999.0 99.0 99.00
2020 08 30 19 50 999 99.0 99.0  0.79  7.69  4.40 186 9999.0 999.0 999.0 999.0 99.0 99.00
2020 08 30 20 50 999 99.0 99.0  0.86  7.14  4.30 184 9999.0 999.0 999.0 999.0 99.0 99.00
2020 08 30 21 50 999 99.0 99.0  0.84  4.00  4.25 357 9999.0 999.0 999.0 999.0 99.0 99.00
2020 08 30 22 50 999 99.0 99.0  0.75  3.70  4.11 350 9999.0 999.0 999.0 999.0 99.0 99.00
2020 08 30 23 50 999 99.0 99.0  0.71  3.70  4.12 350 9999.0 999.0 999.0 999.0 99.0 99.00
2020 08 31 00 50 999 99.0 99.0  0.59 12.90  4.24  80 9999.0 999.0 999.0 999.0 99.0 99.00
2020 08 31 01 50 999 99.0 99.0  0.55 11.43  4.34 124 9999.0 999.0 999.0 999.0 99.0 99.00
2020 08 31 02 50 999 99.0 99.0  0.49 14.81  4.68 194 9999.0 999.0 999.0 999.0 99.0 99.00
2020 08 31 03 50 999 99.0 99.0  0.44 11.43  5.16 110 9999.0 999.0 999.0 999.0 99.0 99.00
2020 08 31 04 50 999 99.0 99.0  0.44 10.81  5.04  76 9999.0 999.0 999.0 999.0 99.0 99.00
2020 08 31 05 50 999 99.0 99.0  0.45 10.81  5.09 107 9999.0 999.0 999.0 999.0 99.0 99.00
2020 08 31 06 50 999 99.0 99.0  0.49 12.12  5.20  92 9999.0 999.0 999.0 999.0 99.0 99.00
2020 08 31 07 50 999 99.0 99.0  0.46 13.79  5.48 124 9999.0 999.0 999.0 999.0 99.0 99.00
2020 08 31 08 50 999 99.0 99.0  0.47 12.12  5.89 188 9999.0 999.0 999.0 999.0 99.0 99.00
2020 08 31 09 50 999 99.0 99.0  0.48 12.12  5.68 165 9999.0 999.0 999.0 999.0 99.0 99.00
2020 08 31 10 50 999 99.0 99.0  0.47 10.81  5.72 187 9999.0 999.0 999.0 999.0 99.0 99.00
2020 08 31 11 50 999 99.0 99.0  0.47 14.81  5.01 290 9999.0 999.0 999.0 999.0 99.0 99.00
2020 08 31 12 50 999 99.0 99.0  0.48 10.81  5.43  78 9999.0 999.0 999.0 999.0 99.0 99.00
2020 08 31 13 50 999 99.0 99.0  0.45 11.43  5.52  97 9999.0 999.0 999.0 999.0 99.0 99.00
2020 08 31 14 50 999 99.0 99.0  0.43 12.12  5.64 137 9999.0 999.0 999.0 999.0 99.0 99.00
2020 08 31 15 50 999 99.0 99.0  0.42 12.90  5.19  29 9999.0 999.0 999.0 999.0 99.0 99.00
2020 08 31 16 50 999 99.0 99.0  0.46 10.81  4.53  89 9999.0 999.0 999.0 999.0 99.0 99.00
2020 08 31 17 50 999 99.0 99.0  0.50 12.12  4.56 126 9999.0 999.0 999.0 999.0 99.0 99.00
2020 08 31 18 50 999 99.0 99.0  0.54 12.12  4.49 120 9999.0 999.0 999.0 999.0 99.0 99.00
2020 08 31 19 50 999 99.0 99.0  0.55 10.81  4.56 113 9999.0 999.0 999.0 999.0 99.0 99.00
2020 08 31 20 50 999 99.0 99.0  0.58 10.81  4.50 124 9999.0 999.0 999.0 999.0 99.0 99.00
2020 08 31 21 50 999 99.0 99.0  0.60  4.55  4.34  26 9999.0 999.0 999.0 999.0 99.0 99.00
2020 08 31 22 50 999 99.0 99.0  0.60 11.43  4.13 106 9999.0 999.0 999.0 999.0 99.0 99.00
